I
1000 Generated by WorldEditor

1     32 0 0 EGHF Lee on Solent
100 46.02 1 0 0.00 0 0 1 05  50.81112277 -001.21387125  150    0 4 0 0 0 23  50.81940628 -001.20070404    0    0 4 0 0 0
102 H1  50.81714856 -001.20978746  90.00 18.00 18.00 1 0 0 0.00 0
110 2 0.00 0.0000 New Taxiway 34
111  50.81328182 -001.19235213
111  50.81329455 -001.19232271
111  50.81329455 -001.19228048
111  50.81334467 -001.19228233
111  50.81334426 -001.19232917
111  50.81330279 -001.19232820
113  50.81328724 -001.19235830
110 1 0.00 47.0000 Taxiway 05 parallel
111  50.81281789 -001.21383417
111  50.81519477 -001.20973856
111  50.81526989 -001.20984284
113  50.81289559 -001.21394538
110 1 0.00 345.0000 Taxiway 17 closed parallel
111  50.81902220 -001.19842346
111  50.81727480 -001.19772125
111  50.81537488 -001.19696791
111  50.81213688 -001.19593950
111  50.81215680 -001.19579134
111  50.81282205 -001.19599367
111  50.81366431 -001.19626243
111  50.81555798 -001.19686213
111  50.81599333 -001.19704605
111  50.81669672 -001.19732724
111  50.81759389 -001.19768105
111  50.81803521 -001.19785395
111  50.81879102 -001.19816293
113  50.81895196 -001.19822652
110 4 0.00 0.0000 New Taxiway 9
111  50.81107394 -001.20443838
111  50.81110643 -001.20437740
111  50.81113154 -001.20437190
111  50.81115558 -001.20437740
111  50.81119993 -001.20436598
111  50.81124587 -001.20436260
111  50.81125415 -001.20438247
111  50.81126724 -001.20438078
111  50.81127285 -001.20438585
111  50.81126724 -001.20439304
111  50.81125816 -001.20439642
111  50.81125923 -001.20441925
112  50.81127312 -001.20442644  50.81127419 -001.20442601
111  50.81128247 -001.20441713
111  50.81136955 -001.20441206
112  50.81138424 -001.20440953  50.81138531 -001.20440699
112  50.81140294 -001.20439388  50.81140374 -001.20439388
111  50.81140882 -001.20440276
111  50.81140962 -001.20441671
111  50.81142031 -001.20443024
111  50.81144114 -001.20443616
113  50.81144095 -001.20444807
110 4 0.00 0.0000 New Taxiway 8
111  50.81158873 -001.20460078
111  50.81161752 -001.20466082
111  50.81162535 -001.20470864
111  50.81162926 -001.20480993
111  50.81162926 -001.20485100
111  50.81157841 -001.20486507
112  50.81138464 -001.20488476  50.81138393 -001.20488476
111  50.81135549 -001.20486844
111  50.81133807 -001.20484481
111  50.81134376 -001.20478686
111  50.81133842 -001.20475872
111  50.81134340 -001.20467657
111  50.81135727 -001.20467713
111  50.81136580 -001.20463099
113  50.81139318 -001.20462368
110 5 0.00 0.0000 New Taxiway 7
111  50.81107394 -001.20443838
111  50.81131445 -001.20444230
111  50.81144095 -001.20444807
111  50.81149404 -001.20444807
112  50.81152788 -001.20445631  50.81152944 -001.20445466
111  50.81162699 -001.20444148
111  50.81163602 -001.20459553
113  50.81108539 -001.20465949
110 1 0.00 167.0000 Runway 17/35 closed
111  50.81165838 -001.19745277
112  50.81165838 -001.19745277  50.81155048 -001.19741531
111  50.81146110 -001.19758457
111  50.81176059 -001.19650395
112  50.81176059 -001.19650395  50.81173355 -001.19678564
111  50.81186957 -001.19688170
111  50.81898795 -001.19943869
112  50.81898795 -001.19943869  50.81906385 -001.19945623
111  50.81913699 -001.19938785
113  50.81903500 -001.20010482
110 1 0.00 100.0000 Runway 23 turnoff
111  50.81957339 -001.20239995
112  50.81959373 -001.20225521  50.81960014 -001.20216984
111  50.81959356 -001.20213229
111  50.81953532 -001.20165906
112  50.81953532 -001.20165906  50.81951731 -001.20155677
112  50.81923571 -001.20143805  50.81903188 -001.20151109
111  50.81923571 -001.20143805
111  50.81954876 -001.20093711
111  50.81925917 -001.20047572
111  50.81920191 -001.20056343
112  50.81920191 -001.20056343  50.81927242 -001.20015693
111  50.81903500 -001.20010482
111  50.81913699 -001.19938785
112  50.81913699 -001.19938785  50.81926611 -001.19926254
111  50.81924253 -001.19906535
111  50.81934652 -001.19904440
111  50.81968295 -001.20203192
111  50.81968817 -001.20233561
113  50.81966903 -001.20244273
110 1 0.00 0.0000 Main CoastGuard stand
111  50.81572947 -001.20929756
112  50.81594027 -001.20929697  50.81599283 -001.20930508
111  50.81594027 -001.20929697
112  50.81594027 -001.20929697  50.81615691 -001.20935276
111  50.81651207 -001.20932604
111  50.81702222 -001.20931311
111  50.81741835 -001.20930890
111  50.81741867 -001.20949257
111  50.81726175 -001.20948941
111  50.81726384 -001.20974626
111  50.81729145 -001.20974606
111  50.81730150 -001.21055752
111  50.81685016 -001.21057189
111  50.81684553 -001.20950490
111  50.81681954 -001.20950462
111  50.81681856 -001.20955480
111  50.81653658 -001.20956033
111  50.81653586 -001.20950520
111  50.81638231 -001.20950381
111  50.81636903 -001.20952982
111  50.81636895 -001.20957011
111  50.81608710 -001.20956923
112  50.81608710 -001.20956923  50.81595185 -001.20957126
112  50.81592421 -001.20967684  50.81590976 -001.20971342
111  50.81590967 -001.20981369
111  50.81595282 -001.21020138
111  50.81592243 -001.21020576
111  50.81587937 -001.20982251
112  50.81591039 -001.20956974  50.81593960 -001.20944282
111  50.81591039 -001.20956974
112  50.81591039 -001.20956974  50.81591780 -001.20949963
111  50.81589844 -001.20945432
113  50.81574494 -001.20945524
110 2 0.00 0.0000 Coastguard concrete stand
111  50.81685016 -001.21057189
111  50.81652675 -001.21058292
111  50.81651606 -001.20979694
111  50.81650297 -001.20977443
111  50.81635761 -001.20977626
111  50.81635768 -001.20974634
111  50.81653700 -001.20974195
111  50.81653658 -001.20956033
111  50.81681856 -001.20955480
111  50.81681954 -001.20950462
113  50.81684553 -001.20950490
110 1 0.00 38.0000 Taxiway main 1
111  50.81759302 -001.20929516
112  50.81768711 -001.20922781  50.81772038 -001.20917653
111  50.81858566 -001.20810818
111  50.81866902 -001.20819575
111  50.81814100 -001.20886585
112  50.81814100 -001.20886585  50.81812299 -001.20889017
111  50.81812180 -001.20893954
111  50.81800301 -001.20909372
111  50.81795804 -001.20910125
111  50.81779391 -001.20929775
113  50.81774661 -001.20936325
110 1 0.00 330.0000 Taxiway main 3
111  50.81934652 -001.19904440
111  50.81924253 -001.19906535
111  50.81921510 -001.19879733
112  50.81902220 -001.19842346  50.81884286 -001.19828085
111  50.81902220 -001.19842346
111  50.81895196 -001.19822652
111  50.81904201 -001.19826764
112  50.81904201 -001.19826764  50.81924897 -001.19838058
112  50.81931075 -001.19873200  50.81933342 -001.19886156
113  50.81931075 -001.19873200
110 1 0.00 56.0000 Taxiway turnoff 1
111  50.81246450 -001.19588492
112  50.81246450 -001.19588492  50.81258804 -001.19589075
111  50.81266478 -001.19570576
111  50.81358977 -001.19351949
111  50.81375152 -001.19367907
111  50.81343713 -001.19440416
112  50.81310258 -001.19518288  50.81307362 -001.19524268
111  50.81296406 -001.19530645
111  50.81280034 -001.19567716
112  50.81275659 -001.19584075  50.81275659 -001.19590652
113  50.81282205 -001.19599367
110 1 0.00 0.0000 Taxiway hangar 1
111  50.81741835 -001.20930890
111  50.81759302 -001.20929516
111  50.81774661 -001.20936325
112  50.81774661 -001.20936325  50.81770576 -001.20941691
111  50.81774497 -001.20948860
111  50.81771267 -001.20948910
113  50.81741867 -001.20949257
110 2 0.00 90.0000 Concrete hangar entrance
111  50.81635761 -001.20977626
111  50.81608965 -001.20978850
111  50.81608710 -001.20956923
113  50.81635788 -001.20956827
110 2 0.00 0.0000 Concrete hangar entrance 2
111  50.81742010 -001.20975783
111  50.81741867 -001.20949257
111  50.81771267 -001.20948910
113  50.81771448 -001.20974936
110 2 0.00 90.0000 Concrete hangar entrance 3
111  50.81812180 -001.20893954
112  50.81812180 -001.20893954  50.81813096 -001.20902163
112  50.81822553 -001.20907468  50.81826234 -001.20910611
111  50.81832117 -001.20912793
112  50.81832117 -001.20912793  50.81835205 -001.20914268
111  50.81861998 -001.20914452
111  50.81862153 -001.20939492
111  50.81848571 -001.20940108
112  50.81848571 -001.20940108  50.81839597 -001.20939340
111  50.81830170 -001.20930783
111  50.81810445 -001.20910926
113  50.81800301 -001.20909372
110 1 0.00 20.0000 GA taxiway 1
111  50.81397981 -001.19438232
111  50.81464708 -001.19400596
111  50.81465841 -001.19408967
113  50.81401226 -001.19444973
110 1 0.00 320.0000 GA taxiway 2
111  50.81555798 -001.19686213
112  50.81555798 -001.19686213  50.81559804 -001.19687134
112  50.81564445 -001.19674602  50.81565144 -001.19666742
111  50.81562275 -001.19663554
111  50.81491650 -001.19570404
111  50.81493088 -001.19560437
111  50.81516405 -001.19593000
112  50.81571404 -001.19665028  50.81579175 -001.19672505
113  50.81599333 -001.19704605
110 1 0.00 276.0000 GA taxiway 3
111  50.81491650 -001.19570404
112  50.81491650 -001.19570404  50.81486633 -001.19562966
111  50.81482352 -001.19543614
111  50.81472985 -001.19415442
111  50.81478035 -001.19413213
112  50.81486691 -001.19533996  50.81488389 -001.19550740
113  50.81493088 -001.19560437
110 1 0.00 20.0000 GA taxiway 5
111  50.81472985 -001.19415442
111  50.81472684 -001.19409300
112  50.81469975 -001.19406739  50.81469308 -001.19407248
111  50.81469975 -001.19406739
111  50.81465841 -001.19408967
111  50.81464708 -001.19400596
111  50.81470215 -001.19396268
112  50.81470215 -001.19396268  50.81473250 -001.19393590
111  50.81475054 -001.19386078
111  50.81477672 -001.19372929
111  50.81482559 -001.19374543
111  50.81480212 -001.19384106
112  50.81480212 -001.19384106  50.81479606 -001.19386381
112  50.81482790 -001.19386218  50.81483666 -001.19385223
111  50.81482790 -001.19386218
111  50.81487034 -001.19381104
111  50.81488737 -001.19387992
112  50.81488737 -001.19387992  50.81487687 -001.19390611
112  50.81478374 -001.19401260  50.81477676 -001.19405012
113  50.81478035 -001.19413213
110 1 0.00 40.0000 GA taxiway 6
111  50.81487034 -001.19381104
111  50.81517106 -001.19342775
111  50.81518781 -001.19349070
113  50.81488737 -001.19387992
110 1 0.00 25.0000 GA taxiway 8
111  50.81517106 -001.19342775
111  50.81541563 -001.19321555
111  50.81578083 -001.19299280
111  50.81580663 -001.19308481
111  50.81551572 -001.19325310
112  50.81545596 -001.19336999  50.81545596 -001.19343796
111  50.81547621 -001.19355529
112  50.81552272 -001.19367885  50.81553405 -001.19371485
111  50.81556796 -001.19390467
111  50.81542569 -001.19397085
111  50.81537765 -001.19371191
112  50.81530314 -001.19350976  50.81525938 -001.19348050
113  50.81518781 -001.19349070
110 1 0.00 100.0000 GA taxiway 9
111  50.81491370 -001.19296450
111  50.81493957 -001.19281358
111  50.81498033 -001.19252165
111  50.81506375 -001.19258097
111  50.81503283 -001.19277970
111  50.81504622 -001.19292960
111  50.81510058 -001.19337481
112  50.81512253 -001.19341294  50.81513722 -001.19343246
111  50.81517106 -001.19342775
111  50.81503199 -001.19360555
112  50.81506013 -001.19339959  50.81504918 -001.19329635
111  50.81506013 -001.19339959
111  50.81500484 -001.19299717
112  50.81495879 -001.19300277  50.81494867 -001.19307823
113  50.81495879 -001.19300277
110 1 0.00 110.0000 GA taxiway 10
111  50.81640314 -001.19486309
111  50.81622287 -001.19424953
111  50.81642299 -001.19438386
112  50.81649077 -001.19461694  50.81649771 -001.19463554
112  50.81655798 -001.19469763  50.81658469 -001.19470946
111  50.81663590 -001.19468781
113  50.81667960 -001.19495232
110 1 0.00 115.0000 GA taxiway 11
111  50.81622287 -001.19424953
112  50.81627621 -001.19414689  50.81628094 -001.19409448
111  50.81627053 -001.19406812
111  50.81618212 -001.19377232
111  50.81622986 -001.19373729
112  50.81631122 -001.19400223  50.81633298 -001.19406063
112  50.81639448 -001.19409957  50.81642003 -001.19411754
111  50.81647869 -001.19408160
111  50.81657125 -001.19399448
111  50.81659513 -001.19407435
112  50.81647680 -001.19417294  50.81646639 -001.19418193
112  50.81642676 -001.19427342  50.81641486 -001.19432479
113  50.81642299 -001.19438386
110 1 0.00 115.0000 GA taxiway 12
111  50.81618212 -001.19377232
111  50.81600012 -001.19316634
111  50.81605100 -001.19313154
113  50.81622986 -001.19373729
110 1 0.00 45.0000 GA taxiway 13
111  50.81635116 -001.19668166
111  50.81618422 -001.19640099
113  50.81637491 -001.19609544
110 1 0.00 340.0000 GA Hangar 1
111  50.81351936 -001.19421450
112  50.81353373 -001.19424845  50.81354480 -001.19425675
111  50.81353373 -001.19424845
111  50.81373689 -001.19437389
112  50.81378444 -001.19434512  50.81380792 -001.19431729
112  50.81384122 -001.19417820  50.81383920 -001.19410438
111  50.81384122 -001.19417820
111  50.81383717 -001.19406265
111  50.81388143 -001.19385076
111  50.81402523 -001.19393353
111  50.81392844 -001.19432265
112  50.81392844 -001.19432265  50.81391627 -001.19441895
111  50.81397981 -001.19438232
111  50.81401226 -001.19444973
112  50.81384370 -001.19452487  50.81377837 -001.19453425
111  50.81369316 -001.19451203
111  50.81347864 -001.19439472
112  50.81347864 -001.19439472  50.81345708 -001.19438549
113  50.81343713 -001.19440416
110 1 0.00 37.0000 GA Hangar 2
111  50.81178738 -001.19601309
112  50.81178738 -001.19601309  50.81181875 -001.19592562
112  50.81183133 -001.19576446  50.81182907 -001.19575084
111  50.81183133 -001.19576446
111  50.81179255 -001.19554746
111  50.81224059 -001.19504911
111  50.81231767 -001.19522563
111  50.81209867 -001.19544952
112  50.81203504 -001.19560987  50.81204024 -001.19565434
112  50.81213295 -001.19578135  50.81215853 -001.19580470
111  50.81213295 -001.19578135
112  50.81192201 -001.19582525  50.81183299 -001.19591374
111  50.81192201 -001.19582525
114  50.81192201 -001.19582525  50.81181469 -001.19592898
110 1 0.00 347.0000 GA Hangar 3
111  50.81335242 -001.19616290
111  50.81341962 -001.19614539
112  50.81348772 -001.19604731  50.81350535 -001.19596559
112  50.81349522 -001.19591575  50.81349270 -001.19588784
112  50.81341631 -001.19584672  50.81336594 -001.19583078
111  50.81341631 -001.19584672
111  50.81328430 -001.19580487
111  50.81334480 -001.19546055
111  50.81368837 -001.19556930
111  50.81359266 -001.19608586
112  50.81360739 -001.19615189  50.81362777 -001.19621145
113  50.81366431 -001.19626243
110 1 0.00 0.0000 GA Hangar 4
111  50.81491650 -001.19570404
111  50.81469880 -001.19560128
112  50.81460077 -001.19559234  50.81453678 -001.19559475
111  50.81460077 -001.19559234
111  50.81445093 -001.19562135
111  50.81443509 -001.19539172
111  50.81455001 -001.19537419
111  50.81473944 -001.19552600
112  50.81482352 -001.19543614  50.81482352 -001.19528420
111  50.81482352 -001.19543614
114  50.81482352 -001.19543614  50.81487605 -001.19565977
110 1 0.00 87.0000 GA Hangar 5
111  50.81622598 -001.19713896
112  50.81622598 -001.19713896  50.81625215 -001.19713484
111  50.81630650 -001.19707276
112  50.81630650 -001.19707276  50.81633804 -001.19704011
111  50.81634583 -001.19697457
111  50.81635116 -001.19668166
111  50.81637491 -001.19609544
111  50.81640314 -001.19486309
111  50.81667960 -001.19495232
111  50.81663991 -001.19610495
111  50.81663051 -001.19651015
111  50.81661060 -001.19704194
112  50.81662825 -001.19722581  50.81664265 -001.19727250
113  50.81669672 -001.19732724
110 1 0.00 20.0000 GA Hangar 6
111  50.81663991 -001.19610495
111  50.81666567 -001.19613556
111  50.81696595 -001.19595810
111  50.81702014 -001.19619226
111  50.81672011 -001.19636045
112  50.81672011 -001.19636045  50.81668828 -001.19637543
112  50.81666114 -001.19643102  50.81664049 -001.19646234
113  50.81663051 -001.19651015
110 1 0.00 16.0000 GA Hangar 7
111  50.81667960 -001.19495232
111  50.81663590 -001.19468781
111  50.81682091 -001.19458723
111  50.81686662 -001.19482098
113  50.81669949 -001.19490588
110 1 0.00 120.0000 GA Hangar 8
111  50.81657125 -001.19399448
112  50.81661651 -001.19390110  50.81663286 -001.19384937
112  50.81661972 -001.19373576  50.81660768 -001.19366360
111  50.81657291 -001.19363125
111  50.81651721 -001.19358580
111  50.81644733 -001.19337258
111  50.81657205 -001.19325822
111  50.81663561 -001.19345595
112  50.81669054 -001.19377369  50.81669398 -001.19389485
112  50.81666755 -001.19394597  50.81665746 -001.19398188
113  50.81659513 -001.19407435
110 1 0.00 117.0000 GA Hangar 9
111  50.81600012 -001.19316634
112  50.81598064 -001.19313797  50.81597420 -001.19312960
112  50.81594405 -001.19309407  50.81592958 -001.19308075
112  50.81588818 -001.19306633  50.81586870 -001.19306329
111  50.81584778 -001.19306608
111  50.81580663 -001.19308481
111  50.81578083 -001.19299280
112  50.81580556 -001.19297246  50.81581981 -001.19296196
112  50.81584413 -001.19291726  50.81585246 -001.19289692
112  50.81586960 -001.19281997  50.81587175 -001.19278918
111  50.81586814 -001.19277347
112  50.81594077 -001.19274898  50.81601340 -001.19272449
111  50.81594077 -001.19274898
112  50.81594077 -001.19274898  50.81594429 -001.19275920
112  50.81597014 -001.19280012  50.81598209 -001.19281259
112  50.81603586 -001.19283404  50.81605642 -001.19283802
111  50.81608286 -001.19282741
112  50.81614748 -001.19277812  50.81615757 -001.19276838
112  50.81619154 -001.19270002  50.81619801 -001.19268049
112  50.81620447 -001.19258751  50.81620447 -001.19255310
112  50.81617744 -001.19245175  50.81615864 -001.19242292
112  50.81612222 -001.19239047  50.81609549 -001.19236834
111  50.81603645 -001.19217558
111  50.81616393 -001.19206493
111  50.81623149 -001.19227322
111  50.81624906 -001.19235291
112  50.81627410 -001.19260729  50.81627233 -001.19269532
112  50.81624320 -001.19277915  50.81622850 -001.19281108
112  50.81615103 -001.19289664  50.81613125 -001.19291452
112  50.81607724 -001.19300105  50.81605757 -001.19304303
113  50.81605100 -001.19313154
110 1 0.00 120.0000 GA Hangar 10
111  50.81586814 -001.19277347
112  50.81586814 -001.19277347  50.81586382 -001.19274389
112  50.81583638 -001.19264305  50.81580830 -001.19256396
112  50.81570580 -001.19251792  50.81566996 -001.19251875
111  50.81563782 -001.19253185
111  50.81540476 -001.19274394
111  50.81534426 -001.19252372
111  50.81578691 -001.19216765
111  50.81581460 -001.19225021
111  50.81580939 -001.19233468
111  50.81582704 -001.19239437
113  50.81594077 -001.19274898
110 1 0.00 345.0000 GA Hangar 11
111  50.81938787 -001.20411944
112  50.81940357 -001.20420423  50.81941532 -001.20423892
111  50.81945957 -001.20425658
111  50.81969962 -001.20433263
111  50.81967643 -001.20457269
112  50.81942198 -001.20447106  50.81939872 -001.20446282
111  50.81934959 -001.20449523
113  50.81931719 -001.20454470
110 1 0.00 315.0000 GA Hangar 13
111  50.81968295 -001.20203192
112  50.81968295 -001.20203192  50.81970672 -001.20214947
111  50.81986726 -001.20218971
111  50.81986242 -001.20223323
111  50.81989679 -001.20224785
112  50.81989679 -001.20224785  50.81988622 -001.20227203
111  50.81989443 -001.20230122
111  50.82003304 -001.20247741
111  50.81994720 -001.20270091
111  50.81971054 -001.20233275
112  50.81971054 -001.20233275  50.81969851 -001.20231793
113  50.81968817 -001.20233561
110 1 0.00 55.0000 GA Hangar 14
111  50.81358977 -001.19351949
111  50.81348333 -001.19341048
111  50.81358570 -001.19319533
112  50.81358570 -001.19319533  50.81360083 -001.19316509
111  50.81358026 -001.19307772
112  50.81329514 -001.19259471  50.81327158 -001.19256889
111  50.81326114 -001.19257245
111  50.81314051 -001.19256493
111  50.81314796 -001.19233390
111  50.81325468 -001.19233806
112  50.81325468 -001.19233806  50.81330678 -001.19234430
111  50.81331737 -001.19244305
111  50.81357143 -001.19289571
112  50.81357143 -001.19289571  50.81363744 -001.19295666
111  50.81367633 -001.19286062
111  50.81376625 -001.19261869
112  50.81376625 -001.19261869  50.81377892 -001.19258204
111  50.81377239 -001.19240591
111  50.81392354 -001.19238582
111  50.81393661 -001.19263425
111  50.81379810 -001.19278232
112  50.81379810 -001.19278232  50.81377273 -001.19281100
111  50.81369627 -001.19312935
111  50.81369264 -001.19332442
111  50.81382628 -001.19349274
113  50.81375152 -001.19367907
110 2 0.00 0.0000 GA hangar concrete 1
111  50.81618422 -001.19640099
111  50.81616373 -001.19636659
111  50.81629710 -001.19615531
111  50.81614746 -001.19591767
111  50.81613666 -001.19593142
111  50.81605098 -001.19579968
111  50.81595879 -001.19445464
111  50.81622287 -001.19424953
111  50.81640314 -001.19486309
113  50.81637491 -001.19609544
110 2 0.00 0.0000 GA hangar concrete 2
111  50.81695498 -001.19596471
111  50.81666567 -001.19613556
111  50.81663991 -001.19610495
111  50.81667960 -001.19495232
111  50.81669949 -001.19490588
111  50.81686662 -001.19482098
111  50.81682091 -001.19458723
111  50.81685684 -001.19456841
113  50.81696762 -001.19514977
110 2 0.00 21.0000 GA hangar concrete 3
111  50.81709373 -001.19633364
111  50.81706008 -001.19635477
111  50.81702014 -001.19619226
111  50.81696581 -001.19595757
113  50.81700347 -001.19593464
110 2 0.00 237.0000 GA Hangar Concrete 4
111  50.81287198 -001.19521614
111  50.81266059 -001.19500650
111  50.81337611 -001.19330155
113  50.81358977 -001.19351949
110 1 0.00 0.0000 GA Hangar 12
111  50.82032271 -001.20510578
111  50.82051053 -001.20502866
111  50.82073346 -001.20491985
111  50.82076896 -001.20491650
111  50.82076881 -001.20501247
111  50.82050532 -001.20510436
112  50.82047754 -001.20515508  50.82046568 -001.20518903
112  50.82047282 -001.20525748  50.82048205 -001.20528898
111  50.82063816 -001.20572721
112  50.82070091 -001.20578916  50.82073710 -001.20578609
112  50.82076083 -001.20575187  50.82076966 -001.20573728
112  50.82084606 -001.20569988  50.82086802 -001.20569578
111  50.82091064 -001.20570220
111  50.82092273 -001.20593815
112  50.82081722 -001.20594979  50.82079317 -001.20594909
112  50.82070992 -001.20592902  50.82068614 -001.20591448
112  50.82061242 -001.20581851  50.82059591 -001.20577145
111  50.82042773 -001.20530721
112  50.82038766 -001.20521923  50.82036827 -001.20519775
112  50.82032544 -001.20517444  50.82030799 -001.20517444
113  50.82032544 -001.20517444
110 1 0.00 357.0000 GA taxiway 14
112  50.81924575 -001.20497234  50.81928783 -001.20472605
111  50.81924575 -001.20497234
112  50.81924575 -001.20497234  50.81924620 -001.20503312
111  50.81930194 -001.20505549
111  50.81963217 -001.20508331
112  50.82004391 -001.20513215  50.82008022 -001.20513069
111  50.82032271 -001.20510578
111  50.82032544 -001.20517444
112  50.82032544 -001.20517444  50.82030799 -001.20517444
111  50.82004470 -001.20521281
112  50.81986063 -001.20520974  50.81982832 -001.20522713
111  50.81983375 -001.20527176
111  50.81985323 -001.20548223
111  50.81984272 -001.20564005
112  50.81986831 -001.20580865  50.81987949 -001.20586039
112  50.81992965 -001.20592044  50.81994600 -001.20594767
111  50.81996578 -001.20614372
111  50.81980865 -001.20621167
112  50.81980865 -001.20621167  50.81981805 -001.20618936
112  50.81980973 -001.20613122  50.81980778 -001.20611468
111  50.81980277 -001.20607461
111  50.81978844 -001.20593623
111  50.81979555 -001.20586528
111  50.81979248 -001.20575843
111  50.81976108 -001.20554693
112  50.81974906 -001.20553092  50.81973958 -001.20552789
111  50.81972514 -001.20553152
111  50.81960998 -001.20563083
111  50.81959037 -001.20570348
111  50.81957329 -001.20583538
111  50.81951172 -001.20580833
111  50.81948494 -001.20597696
111  50.81945760 -001.20596859
111  50.81950486 -001.20569194
111  50.81963880 -001.20554334
111  50.81972906 -001.20546979
112  50.81974632 -001.20544380  50.81975183 -001.20542098
111  50.81974612 -001.20539989
112  50.81972526 -001.20526841  50.81971242 -001.20522649
112  50.81969262 -001.20520052  50.81967727 -001.20518446
111  50.81963361 -001.20517888
111  50.81931806 -001.20515009
112  50.81925811 -001.20515393  50.81923033 -001.20516109
113  50.81920460 -001.20521745
110 1 0.00 75.0000 Taxiway main 2
111  50.81858566 -001.20810818
112  50.81864322 -001.20796580  50.81866332 -001.20787460
111  50.81869995 -001.20763218
112  50.81866180 -001.20744542  50.81864330 -001.20737046
111  50.81710447 -001.20496527
112  50.81710447 -001.20496527  50.81707588 -001.20492175
111  50.81702710 -001.20494953
111  50.81713331 -001.20478108
112  50.81718092 -001.20487370  50.81721819 -001.20492810
111  50.81718092 -001.20487370
111  50.81874804 -001.20734898
111  50.81957339 -001.20239995
111  50.81966903 -001.20244273
111  50.81872855 -001.20806224
112  50.81871095 -001.20813449  50.81870303 -001.20815652
113  50.81866902 -001.20819575
110 1 0.00 30.0000 Taxiway 05 parallel corner
111  50.81519477 -001.20973856
112  50.81519477 -001.20973856  50.81540632 -001.20940229
112  50.81572947 -001.20929756  50.81593029 -001.20928944
111  50.81572947 -001.20929756
111  50.81574494 -001.20945524
112  50.81574494 -001.20945524  50.81558681 -001.20947254
112  50.81526989 -001.20984284  50.81505789 -001.21017884
113  50.81526989 -001.20984284
110 2 0.00 315.0000 10 threshold concrete
111  50.81267260 -001.21375813
112  50.81274755 -001.21376234  50.81277338 -001.21373116
111  50.81274755 -001.21376234
111  50.81313034 -001.21328063
111  50.81313578 -001.21328575
111  50.81281789 -001.21383417
112  50.81281789 -001.21383417  50.81267624 -001.21396300
112  50.81258376 -001.21350623  50.81257459 -001.21337232
111  50.81258376 -001.21350623
111  50.81260854 -001.21350591
114  50.81260854 -001.21350591  50.81262768 -001.21367563
110 1 0.00 30.0000 05/10 turnoff
111  50.81250718 -001.21415329
111  50.81281789 -001.21383417
111  50.81289559 -001.21394538
111  50.81272420 -001.21422196
112  50.81272420 -001.21422196  50.81264238 -001.21435022
111  50.81245809 -001.21432651
111  50.81128882 -001.21407031
111  50.81142558 -001.21385643
112  50.81146560 -001.21394789  50.81151734 -001.21395935
111  50.81146560 -001.21394789
113  50.81214775 -001.21409303
110 1 0.00 67.0000 Taxiway main 4
111  50.81213688 -001.19593950
112  50.81197732 -001.19598053  50.81191313 -001.19604360
111  50.81186198 -001.19613783
111  50.81090270 -001.19960563
111  50.81081334 -001.19954852
111  50.81178738 -001.19601309
112  50.81192201 -001.19582525  50.81202932 -001.19572152
113  50.81215680 -001.19579134
110 1 0.00 330.0000 05 turnoff
111  50.81121403 -001.21326178
111  50.81118477 -001.21285241
112  50.81124670 -001.21297818  50.81127376 -001.21301112
113  50.81137058 -001.21301373
110 2 0.00 96.0000 Runway 28 closed turnoff
111  50.81139179 -001.20039071
112  50.81139179 -001.20039071  50.81138121 -001.20023897
111  50.81131409 -001.20018978
111  50.81097513 -001.20006640
112  50.81097513 -001.20006640  50.81090405 -001.20004394
111  50.81083025 -001.20017147
112  50.81083025 -001.20017147  50.81085795 -001.19993115
111  50.81089057 -001.19969551
112  50.81089057 -001.19969551  50.81088469 -001.19983271
111  50.81100579 -001.19991235
111  50.81177348 -001.20018493
111  50.81179807 -001.20053815
113  50.81140030 -001.20058300
110 1 0.00 100.0000 Runway 10/28 closed
111  50.81197781 -001.21204842
112  50.81205120 -001.21166161  50.81203922 -001.21149535
111  50.81205120 -001.21166161
111  50.81140030 -001.20058300
111  50.81179807 -001.20053815
111  50.81242113 -001.21096710
112  50.81246094 -001.21110907  50.81248654 -001.21111486
113  50.81257850 -001.21109452
110 1 0.00 93.0000 Taxiway main 5
111  50.81090270 -001.19960563
112  50.81083025 -001.20017147  50.81080255 -001.20041179
111  50.81083025 -001.20017147
111  50.81078083 -001.20103388
111  50.81077107 -001.20153344
111  50.81089754 -001.20441162
111  50.81106620 -001.20945250
111  50.81118477 -001.21285241
111  50.81121403 -001.21326178
111  50.81100222 -001.21360120
112  50.81092963 -001.21283636  50.81088008 -001.21246062
111  50.81092963 -001.21283636
111  50.81107348 -001.21251384
111  50.81100640 -001.21057436
112  50.81090873 -001.21038731  50.81083947 -001.21035881
111  50.81079003 -001.21039263
111  50.81066211 -001.20985957
111  50.81068709 -001.20968437
111  50.81089120 -001.20959645
112  50.81089120 -001.20959645  50.81093626 -001.20957073
111  50.81096751 -001.20944928
111  50.81080155 -001.20481943
111  50.81075804 -001.20365605
111  50.81066828 -001.20140126
111  50.81073213 -001.19989755
112  50.81076886 -001.19970216  50.81079678 -001.19960275
111  50.81076886 -001.19970216
113  50.81081334 -001.19954852
110 1 0.00 100.0000 10 threshold
111  50.81258376 -001.21350623
112  50.81258376 -001.21350623  50.81259292 -001.21364013
112  50.81281789 -001.21383417  50.81295955 -001.21370533
111  50.81281789 -001.21383417
111  50.81250718 -001.21415329
111  50.81214775 -001.21409303
112  50.81214775 -001.21409303  50.81221050 -001.21403835
111  50.81219626 -001.21395779
111  50.81212464 -001.21285841
112  50.81212464 -001.21285841  50.81212182 -001.21280150
111  50.81207322 -001.21282504
111  50.81261182 -001.21196848
112  50.81250772 -001.21227483  50.81250964 -001.21233975
113  50.81250772 -001.21227483
130 Airport Boundary 1
111  50.81241763 -001.21467337
111  50.81119666 -001.21435513
111  50.81047955 -001.21392592
111  50.81050436 -001.21259956
111  50.80990508 -001.21197054
111  50.80972426 -001.20978770
111  50.80927081 -001.19847630
111  50.81066106 -001.19728224
111  50.81069315 -001.19513665
111  50.81176262 -001.19330300
111  50.81291376 -001.19215713
111  50.81372257 -001.19176145
111  50.81616539 -001.19134514
111  50.81727169 -001.19370182
111  50.82005769 -001.19335920
111  50.82120538 -001.19611736
111  50.82161669 -001.19820692
111  50.82094325 -001.20208033
111  50.82136231 -001.20632904
111  50.81920232 -001.20685863
111  50.81902728 -001.20839128
111  50.81905659 -001.21081517
111  50.81799169 -001.21059955
111  50.81557042 -001.21066640
111  50.81566872 -001.21246776
111  50.81317858 -001.21370231
113  50.81308276 -001.21452832
120 Linear Feature 27
111  50.80913157 -001.20743761 22
111  50.80928452 -001.20670466
111  50.80931004 -001.20611002 22
111  50.80931198 -001.20604558
112  50.80931198 -001.20604558  50.80933820 -001.20607209 21
111  50.80940048 -001.20608342
111  50.80920782 -001.20588008 22
112  50.80918722 -001.20566657  50.80918135 -001.20557497
111  50.80918722 -001.20566657 22
111  50.80915673 -001.20513414 21
111  50.80915738 -001.20505282 20
115  50.80911051 -001.20505128
120 Linear Feature 26
111  50.80953634 -001.20611754 20
111  50.81005034 -001.20638298
112  50.81005034 -001.20638298  50.81011205 -001.20641460 20
111  50.81012530 -001.20650103
111  50.81014990 -001.20619978
112  50.81014990 -001.20619978  50.81012291 -001.20631266 20
111  50.81006403 -001.20627776 20
111  50.80955598 -001.20601842
111  50.80918833 -001.20489415 22
111  50.80919302 -001.20524013
112  50.80919302 -001.20524013  50.80919496 -001.20533890 22
111  50.80921185 -001.20555399 22
111  50.80923059 -001.20578393
112  50.80923059 -001.20578393  50.80924587 -001.20597087 22
111  50.80937938 -001.20601284 22
111  50.80954387 -001.20606556 22
115  50.81013571 -001.20636997
120 Linear Feature 25
111  50.80899915 -001.20806958 21
111  50.80907745 -001.20805461 22
111  50.80904217 -001.20771148
111  50.80910746 -001.20793548 20
111  50.80911489 -001.20802075
112  50.80911489 -001.20802075  50.80911659 -001.20804611 20
111  50.80913058 -001.20804760 20
111  50.80988489 -001.20788041
112  50.80988489 -001.20788041  50.80997200 -001.20786184 20
115  50.80999374 -001.20777342
120 Linear Feature 24
111  50.80883238 -001.21014557 22
111  50.80882768 -001.21008925 21
111  50.80890786 -001.21007130
111  50.80875445 -001.20989001 21
111  50.80876440 -001.20990051 21
111  50.80881068 -001.20989998 22
111  50.80877611 -001.20938002 22
111  50.80865622 -001.20798705
112  50.80865622 -001.20798705  50.80863360 -001.20785202 22
111  50.80853845 -001.20783059
111  50.80856137 -001.20776431
112  50.80856137 -001.20776431  50.80863538 -001.20777761 20
111  50.80867966 -001.20790781
111  50.80869815 -001.20805972 21
111  50.80871059 -001.20819813 22
111  50.80989597 -001.20794111 22
111  50.80997294 -001.20792222
111  50.80995777 -001.20806474
112  50.80995777 -001.20806474  50.80994146 -001.20799858 20
111  50.80987886 -001.20800377 20
111  50.80877735 -001.20824243 20
116  50.80872202 -001.20831922  50.80870407 -001.20838008
120 Linear Feature 23
111  50.81014661 -001.20998495 21
111  50.81016632 -001.21010579
111  50.81029762 -001.21048443
112  50.81029762 -001.21048443  50.81011695 -001.21015865 22
111  50.80989940 -001.20991766
112  50.80989940 -001.20991766  50.80978793 -001.20979945 22
111  50.80962923 -001.20985094 22
112  50.80880832 -001.21002146  50.80876803 -001.21002022
111  50.80880832 -001.21002146
111  50.80887929 -001.20992345
112  50.80887929 -001.20992345  50.80889845 -001.20994697 20
111  50.80893262 -001.20993752 20
111  50.80922796 -001.20987049 20
115  50.80921818 -001.20977270
120 Linear Feature 20
111  50.81048694 -001.21117048 20
111  50.81033805 -001.21071298
111  50.81020520 -001.21043206 20
112  50.80987939 -001.20997263  50.80973884 -001.20983034
111  50.80987939 -001.20997263
112  50.80987939 -001.20997263  50.80980367 -001.20989250 20
111  50.80965943 -001.20989596
111  50.80976108 -001.20999842 20
111  50.80984952 -001.21007608 20
115  50.80982835 -001.21031832
120 Linear Feature 19
111  50.81093015 -001.20323005 22
111  50.81084200 -001.20323850 21
111  50.81083933 -001.20313747
111  50.81074851 -001.20317002 20
111  50.81068032 -001.20152266
112  50.81068032 -001.20152266  50.81067711 -001.20145469 20
111  50.81068174 -001.20133993 20
111  50.81074230 -001.19996923
112  50.81074230 -001.19996923  50.81074730 -001.19983205 20
111  50.81077883 -001.19970608 20
111  50.81097882 -001.19898193 20
115  50.81097092 -001.19897679
120 Linear Feature 18
111  50.81034471 -001.20504441 20
111  50.81041435 -001.20497746 21
111  50.81053050 -001.20487100
111  50.81073505 -001.20485739
112  50.81073505 -001.20485739  50.81088220 -001.20466233 22
111  50.81088875 -001.20440680 21
111  50.81090283 -001.20470637 21
115  50.81078667 -001.20480973
120 Linear Feature 17
111  50.80999401 -001.20888711 20
111  50.80994831 -001.20830963
112  50.80994831 -001.20830963  50.80994564 -001.20827835 20
111  50.80995068 -001.20817633 20
111  50.80995777 -001.20806474 21
111  50.80997294 -001.20792222 22
111  50.80999374 -001.20777342 20
111  50.81003870 -001.20745289 20
111  50.81006851 -001.20718478 20
111  50.81007703 -001.20710539 20
111  50.81009785 -001.20686575 20
111  50.81012530 -001.20650103 21
111  50.81013571 -001.20636997 22
111  50.81014990 -001.20619978 20
111  50.81020081 -001.20554744 20
111  50.81021664 -001.20540713 21
111  50.81023307 -001.20531738 22
112  50.81025076 -001.20523274  50.81026399 -001.20518159 20
115  50.81029094 -001.20512153
120 Linear Feature 16
111  50.81105187 -001.19888017 20
111  50.81099200 -001.19909354 22
111  50.81081707 -001.19972803
112  50.81081707 -001.19972803  50.81078935 -001.19982970 22
111  50.81078205 -001.19996993 22
111  50.81073149 -001.20104086 22
112  50.81072871 -001.20167733  50.81073816 -001.20190959
111  50.81072871 -001.20167733 22
111  50.81082734 -001.20410781 20
111  50.81083388 -001.20428825
112  50.81083388 -001.20428825  50.81085106 -001.20470238 20
111  50.81066032 -001.20483640 20
111  50.81042369 -001.20506780
112  50.81042369 -001.20506780  50.81029771 -001.20519467 20
111  50.81028694 -001.20544782 20
111  50.81027519 -001.20557509 22
111  50.81015017 -001.20700046 22
112  50.81011154 -001.20734798  50.81009421 -001.20750149
111  50.81011154 -001.20734798 22
111  50.81002915 -001.20800872
112  50.81002915 -001.20800872  50.81000628 -001.20818744 22
111  50.81001472 -001.20833804 22
111  50.81005344 -001.20879825 22
112  50.81005407 -001.20905243  50.81004839 -001.20918348
111  50.81005407 -001.20905243 22
111  50.81003618 -001.20955266
112  50.81003618 -001.20955266  50.81003391 -001.20961148 22
111  50.81002501 -001.20964273
112  50.81002501 -001.20964273  50.81001774 -001.20968112 22
111  50.80998238 -001.20976342 22
111  50.80999802 -001.20977394
112  50.80999802 -001.20977394  50.81002352 -001.20967979 22
111  50.81002501 -001.20964273
111  50.80992321 -001.20972063 21
111  50.80998238 -001.20976342
111  50.80999802 -001.20977394 22
115  50.81009150 -001.20984326
120 Linear Feature 15
112  50.81178813 -001.19601234  50.81181875 -001.19592562 22
112  50.81213295 -001.19578135  50.81231200 -001.19583972
111  50.81213295 -001.19578135
111  50.81224542 -001.19589770 22
111  50.81212338 -001.19585907
112  50.81212338 -001.19585907  50.81189481 -001.19577819 22
111  50.81182026 -001.19608810 22
111  50.81125612 -001.19814881 21
111  50.81120812 -001.19811505 20
111  50.81120713 -001.19830335 20
111  50.81112511 -001.19841729
111  50.81125450 -001.19833337 21
111  50.81121026 -001.19830411 22
111  50.81112208 -001.19863047 21
115  50.81107657 -001.19859671
120 Linear Feature 14
111  50.81661581 -001.19692566 20
111  50.81634774 -001.19687379
111  50.81576595 -001.19688228
112  50.81576595 -001.19688228  50.81576683 -001.19693065 20
111  50.81576282 -001.19694820 21
111  50.81555798 -001.19686213
111  50.81353509 -001.19607486 22
111  50.81351617 -001.19620967 21
111  50.81335242 -001.19616290
111  50.81269085 -001.19579439 22
111  50.81263927 -001.19591946 21
115  50.81251284 -001.19587755
120 Linear Feature 13
111  50.81219615 -001.21056711 1
115  50.81204519 -001.20793920
120 Linear Feature 12
112  50.81084947 -001.21011267  50.81082889 -001.20984110 20
116  50.81103630 -001.21004668  50.81104734 -001.21021295
120 Main taxiway marker
112  50.81216742 -001.21418323  50.81236381 -001.21423268 2
111  50.81255048 -001.21403489 2
112  50.81321656 -001.21327424  50.81328016 -001.21316475
111  50.81321656 -001.21327424 2
115  50.81525197 -001.20975912
120 SAR turnoff right
111  50.81714979 -001.20968906 8
116  50.81700458 -001.20937449  50.81686881 -001.20933511
120 SAR turnoff left
111  50.81714979 -001.20968906 8
116  50.81726941 -001.20936677  50.81738457 -001.20927563
120 SAR boundary line
111  50.81726483 -001.20960998 1
115  50.81684718 -001.20961113
120 Concrete stand turnoff left
111  50.81667686 -001.20958144 1
116  50.81680219 -001.20938204  50.81690881 -001.20934716
120 Concrete stand turnoff right
111  50.81667686 -001.20958144 1
116  50.81653917 -001.20938532  50.81643183 -001.20938532
120 South plane parking line
111  50.81101357 -001.20939982 20
112  50.81091915 -001.20969080  50.81081797 -001.20972876 20
112  50.81081343 -001.20997043  50.81085928 -001.21017429 20
112  50.81091935 -001.21023093  50.81096925 -001.21029292 20
116  50.81104985 -001.21043455  50.81105319 -001.21050679
120 South plane parking turnon right
111  50.81091915 -001.20969080 20
116  50.81102895 -001.20983987  50.81103422 -001.20998404
120 Runway 05 turnon right
111  50.81114431 -001.21312767 8
116  50.81119912 -001.21337115  50.81125386 -001.21339467
120 Runway 05 turnon left
111  50.81128393 -001.21369178 8
112  50.81151431 -001.21403938  50.81175470 -001.21409361
111  50.81151431 -001.21403938 8
115  50.81216742 -001.21418323
120 Runway 17 closed turnon right
111  50.81941044 -001.20007688 8
116  50.81931179 -001.19984058  50.81924757 -001.19977480
120 Runway 17 closed turnon left
111  50.81931871 -001.19926939 8
116  50.81925241 -001.19955513  50.81915471 -001.19968201
120 Runway 23 turnon right
111  50.81954895 -001.20130596 8
116  50.81941914 -001.20114460  50.81932091 -001.20116054
120 Hold point 1
111  50.81949273 -001.20289136 2
115  50.81958787 -001.20293405
120 Hold point 2
111  50.81756513 -001.20548033 4
111  50.81749894 -001.20558322
111  50.81963760 -001.20163235 4
111  50.81953532 -001.20165906
111  50.81876464 -001.19831973 4
115  50.81879102 -001.19816293
120 Hold point 3
111  50.81106768 -001.21235936 4
111  50.81116726 -001.21235327
111  50.81198946 -001.21060414 4
111  50.81239501 -001.21053140
111  50.81256514 -001.21320701 4
111  50.81215028 -001.21325340
111  50.81178529 -001.21401612 4
115  50.81177167 -001.21417583
120 Main taxiline 1
111  50.81786915 -001.20910452 8
111  50.81862068 -001.20815772 8
112  50.81869934 -001.20794128  50.81871651 -001.20782893 8
115  50.81918054 -001.20507313
120 Main taxiline 2
111  50.81963757 -001.20231286 8
112  50.81963610 -001.20208832  50.81962317 -001.20199319 8
115  50.81954895 -001.20130596
120 Main taxiline 3
111  50.81954895 -001.20130596 8
111  50.81941044 -001.20007688 8
111  50.81931871 -001.19926939 8
111  50.81926040 -001.19875531 8
112  50.81906331 -001.19836970  50.81890530 -001.19828553
111  50.81906331 -001.19836970
115  50.81884549 -001.19826973
120 Main taxiline 4
111  50.81884549 -001.19826973 8
111  50.81645554 -001.19730756
111  50.81498408 -001.19676410 8
115  50.81297445 -001.19612756
120 Main taxiline 5
111  50.81101357 -001.20939982 8
115  50.81114431 -001.21312767
20  50.81949396 -001.20166482 104.6200 0 3 {@L}D1{@R}23-05
20  50.81746939 -001.20562767 136.1000 0 3 {@L}C1{@R}23-05
20  50.81176771 -001.21420614 189.5100 0 3 {@L}B1{@R}23-05
20  50.81212302 -001.21325646 102.7200 0 3 {@L}B2{@R}23-05
20  50.81262356 -001.21319664 94.4100 0 3 {@L}B2{@R}23-05
20  50.81193275 -001.21060354 266.6500 0 3 {@L}F1{@R}05-23
20  50.81246840 -001.21049229 278.4100 0 3 {@L}F1{@R}05-23
20  50.81122558 -001.21234267 278.4100 0 3 {@L}A1{@R}05-23
20  50.81872542 -001.19846259 322.0000 0 3 {@L}E1{@R}05-23
14  50.81065143 -001.21001042  36.09 0 Tower
1300  50.81397791 -001.19398941 250.00 misc props GA Hangar
1300  50.81172765 -001.20715536   3.56 misc helos SAR Chopper
1300  50.81677233 -001.20986161  91.75 misc props|helos West Ramp
19  50.81429950 -001.20279057 0 WS
19  50.81193200 -001.21498400 0 WS
51 11892 Lee Radio
1200 
1201  50.81195367 -001.20636747 both 0 A_stop
1201  50.81101966 -001.20959694 both 1 A_stop
1201  50.81219615 -001.21056711 both 2 F1_stop
1201  50.81224042 -001.21136867 both 3 F1_stop
1201  50.81111755 -001.21235302 both 4 A1_stop
1201  50.81115883 -001.21351782 both 5 A1_stop
1201  50.81390395 -001.19418209 both 6 _stop
1201  50.81383497 -001.19442981 both 7 _stop
1201  50.81373151 -001.19444871 both 8 _stop
1201  50.81337865 -001.19421778 both 9 _stop
1201  50.81654868 -001.19476038 both 10 _stop
1201  50.81224542 -001.19589770 both 11 E_stop
1201  50.81498408 -001.19676410 both 12 E_stop
1201  50.81259993 -001.19600197 both 13 E_stop(split)
1201  50.81645554 -001.19730756 both 14 E_stop
1201  50.81950165 -001.20088569 both 15 D1_stop
1201  50.81753217 -001.20553216 both 16 B2_stop
1201  50.81234672 -001.21323315 both 17 B2_stop
1201  50.81132417 -001.21399628 both 18 B1_stop
1201  50.81936727 -001.20076599 both 19 North Turn_stop
1201  50.81127831 -001.21362367 both 20 North Turn_start
1201  50.81227907 -001.21203504 both 21 North Turn_start(split)
1201  50.81253255 -001.21162523 both 22 North Turn_start(split)(split)
1201  50.81695024 -001.20460877 both 23 North Turn_start(split)(split)
1201  50.81877482 -001.19823976 both 24 E1_stop
1201  50.81911437 -001.19839056 both 25 E1_stop
1201  50.81924036 -001.19858767 both 26 E1_stop
1201  50.81943320 -001.20027201 both 27 E1_stop
1201  50.81958620 -001.20164616 both 28 B_stop
1201  50.81965005 -001.20223570 both 29 B_stop
1201  50.81867430 -001.20808931 both 30 B_stop
1201  50.81877726 -001.20749223 both 31 B_stop(split)
1201  50.81765734 -001.20936979 both 32 B_stop
1201  50.81726941 -001.20936677 both 33 B_stop
1201  50.81653917 -001.20938532 both 34 B_stop
1201  50.81558770 -001.20939660 both 35 B_stop
1201  50.81531933 -001.20964316 both 36 B_stop
1201  50.81315681 -001.21337603 both 37 B_stop
1201  50.81237532 -001.21422503 both 38 B_stop
1201  50.81251736 -001.21407221 both 39 B_stop(split)
1201  50.81177919 -001.21409760 both 40 B_start
1202 2 0 twoway taxiway F
1202 4 1 twoway taxiway A
1202 3 2 twoway taxiway F1
1204 departure 05
1204 arrival 23
1202 22 3 twoway taxiway F1
1204 departure 05
1204 arrival 23
1202 5 4 twoway taxiway A1
1204 departure 05
1204 arrival 23
1202 20 5 twoway taxiway A1
1204 departure 05
1204 arrival 23
1202 7 6 twoway taxiway 
1202 8 7 twoway taxiway 
1202 9 8 twoway taxiway 
1202 13 9 twoway taxiway 
1202 14 10 twoway taxiway 
1202 12 13 twoway taxiway E
1202 13 11 twoway taxiway E
1202 14 12 twoway taxiway E
1202 24 14 twoway taxiway E
1202 15 19 twoway taxiway D1
1204 departure 23
1204 arrival 05
1202 28 15 twoway taxiway D1
1204 departure 23
1204 arrival 05
1202 16 23 twoway taxiway C1
1204 arrival 05,23
1202 31 16 twoway taxiway C1
1202 17 39 twoway taxiway B2
1202 21 17 twoway taxiway B2
1204 departure 05
1204 arrival 23
1202 18 20 twoway taxiway B1
1204 departure 05
1204 arrival 23
1202 40 18 twoway taxiway B1
1204 departure 05
1204 arrival 23
1202 29 28 twoway taxiway B
1202 25 24 twoway taxiway E1
1204 departure 23
1204 arrival 05
1202 26 25 twoway taxiway E1
1204 departure 23
1204 arrival 05
1202 27 26 twoway taxiway E1
1204 departure 23
1204 arrival 05
1202 19 27 twoway taxiway E1
1204 departure 23
1204 arrival 05
1202 30 31 twoway taxiway B
1202 31 29 twoway taxiway B
1202 32 30 twoway taxiway B
1202 33 32 twoway taxiway B
1202 34 33 twoway taxiway B
1202 35 34 twoway taxiway B
1202 36 35 twoway taxiway B
1202 37 36 twoway taxiway B
1202 38 39 twoway taxiway B
1202 39 37 twoway taxiway B
1202 40 38 twoway taxiway B
1202 20 21 twoway runway 05/23
1202 21 22 twoway runway 05/23
1204 departure 05,23
1204 arrival 05,23
1204 ils 05,23
1202 22 23 twoway runway 05/23
1204 departure 05,23
1204 arrival 05,23
1204 ils 05,23
1202 23 19 twoway runway 05/23
1204 departure 05,23
1204 arrival 05,23
1204 ils 05,23
99
