I
1000 Generated by WorldEditor

1    389 1 0 EGHQ Newquay
100 45.11 1 1 0.00 1 3 0 12  50.44703900 -005.01201400    0    0 5 3 0 2 30  50.43451299 -004.97875168  309    0 5 3 1 2
102 H5  50.43915363 -004.99967483 161.19 30.00 30.00 2 0 0 0.00 0
102 H4  50.43926730 -004.99789262 161.19 30.00 30.00 2 0 0 0.00 0
102 H3  50.43914585 -004.99849403 161.19 30.00 30.00 2 0 0 0.00 0
102 H2  50.43925017 -004.99903431 161.20 30.00 30.00 2 0 0 0.00 0
102 H1  50.43971884 -004.99907587 161.20 30.00 30.00 2 0 0 0.00 0
102 H6  50.43316922 -004.98364441 352.08 12.50 12.50 2 0 0 0.00 1
102 H7  50.43315002 -004.98387605 352.08 12.50 12.50 2 0 0 0.00 1
110 2 0.00 353.0000 New Taxiway 46
111  50.43300480 -004.98394906
111  50.43299705 -004.98402644
111  50.43296044 -004.98402036
111  50.43299246 -004.98356900
111  50.43297446 -004.98355594
111  50.43299052 -004.98348641
111  50.43300255 -004.98349236
111  50.43300514 -004.98342176
111  50.43309193 -004.98342485
111  50.43308996 -004.98347393
111  50.43301869 -004.98346569
112  50.43301869 -004.98346569  50.43302079 -004.98353461
111  50.43305761 -004.98352712
111  50.43317282 -004.98353982
111  50.43324103 -004.98355630
111  50.43329110 -004.98356648
113  50.43325781 -004.98400013
110 5 0.00 0.0000 New Taxiway 29
111  50.43815772 -005.01359099
111  50.43810094 -005.01349711
111  50.43813943 -005.01346668
111  50.43822048 -005.01325477
112  50.43823432 -005.01315620  50.43823250 -005.01308317
111  50.43825400 -005.01295739
111  50.43830614 -005.01271598
111  50.43827635 -005.01266836
111  50.43812046 -005.01264247
111  50.43808428 -005.01268591
111  50.43807687 -005.01286240
111  50.43794936 -005.01284721
111  50.43795419 -005.01266978
111  50.43792957 -005.01261386
111  50.43786449 -005.01260351
111  50.43781964 -005.01259799
111  50.43779766 -005.01257382
111  50.43779810 -005.01253171
111  50.43826946 -005.01260558
111  50.43833937 -005.01258418
112  50.43837807 -005.01234876  50.43838965 -005.01220726
111  50.43842480 -005.01187545
112  50.43842480 -005.01187545  50.43843382 -005.01179661
111  50.43843727 -005.01155380
111  50.43844584 -005.01089704
111  50.43848408 -005.00980060
111  50.43851830 -005.00955349
111  50.43715979 -005.00901389
111  50.43720626 -005.00876013
111  50.43726687 -005.00864276
111  50.43743860 -005.00777995
112  50.43743860 -005.00777995  50.43745340 -005.00769434
111  50.43755781 -005.00773237
111  50.43855036 -005.00824624
112  50.43855036 -005.00824624  50.43857494 -005.00826002
111  50.43857545 -005.00833756
111  50.43858913 -005.00834293
111  50.43862449 -005.00819252
111  50.43873283 -005.00824445
111  50.43874538 -005.00836084
111  50.43882407 -005.00834831
111  50.43945247 -005.00842172
111  50.43950722 -005.00843604
111  50.43943993 -005.00949252
111  50.43938290 -005.00971993
111  50.43933500 -005.00964473
111  50.43918104 -005.00964294
111  50.43901795 -005.00952834
111  50.43876021 -005.00947999
111  50.43875678 -005.00968054
111  50.43858799 -005.00961787
112  50.43855492 -005.00965189  50.43855082 -005.00970151
111  50.43855492 -005.00965189
111  50.43850246 -005.01046126
111  50.43848991 -005.01158040
112  50.43846824 -005.01197254  50.43845666 -005.01210597
111  50.43846824 -005.01197254
111  50.43841806 -005.01249541
112  50.43829945 -005.01299678  50.43829291 -005.01302702
111  50.43828849 -005.01308049
111  50.43824809 -005.01327077
111  50.43825803 -005.01332055
111  50.43823112 -005.01331832
111  50.43817031 -005.01349804
114  50.43817031 -005.01349804  50.43815650 -005.01353912
110 5 0.00 0.0000 New Taxiway 62
111  50.44604231 -004.99913215
111  50.44606786 -004.99924238
112  50.44601367 -004.99962105  50.44592614 -004.99975211
111  50.44601367 -004.99962105
111  50.44594596 -004.99973164
111  50.44585849 -004.99958717
111  50.44593137 -004.99947043
112  50.44598184 -004.99949766  50.44600709 -004.99945705
111  50.44598184 -004.99949766
112  50.44598184 -004.99949766  50.44603726 -004.99941160
111  50.44603697 -004.99930147
113  50.44599904 -004.99916742
110 1 0.00 65.0000 New Taxiway 47
111  50.44108161 -005.01002961
111  50.44114882 -005.01031503
111  50.44123437 -005.01037499
111  50.44118549 -005.01058126
111  50.44110300 -005.01053089
111  50.44093191 -005.01063163
111  50.43934114 -005.01662693
111  50.43944196 -005.01695791
112  50.43944196 -005.01695791  50.44013744 -005.01712362
111  50.44041654 -005.01620241
111  50.44132237 -005.01277491
111  50.44144422 -005.01286106
111  50.44053962 -005.01627875
111  50.44017775 -005.01801026
111  50.44028730 -005.01822814
112  50.44028730 -005.01822814  50.44046062 -005.01840008
111  50.44054396 -005.01822814
111  50.44052623 -005.01848697
111  50.44033529 -005.01849516
111  50.44015063 -005.01837394
111  50.44000131 -005.01831572
111  50.44018629 -005.01746070
112  50.44001177 -005.01707051  50.43978156 -005.01713647
111  50.44001177 -005.01707051
112  50.43922528 -005.01707111  50.43884385 -005.01680729
111  50.43922528 -005.01707111
111  50.43891541 -005.01825318
111  50.43884655 -005.01820814
111  50.43863308 -005.01762972
111  50.43883966 -005.01682425
111  50.43857225 -005.01651432
112  50.43843133 -005.01532418  50.43859936 -005.01457852
111  50.43843133 -005.01532418
111  50.44001213 -005.00930180
111  50.44014176 -005.00938592
111  50.43853874 -005.01545352
112  50.43853874 -005.01545352  50.43841439 -005.01605767
111  50.43874956 -005.01649018
111  50.43896039 -005.01637522
111  50.44054009 -005.01040628
111  50.44046753 -005.01011943
111  50.44015528 -005.00991498
111  50.44009633 -005.00994244
111  50.44016500 -005.00966984
111  50.44052435 -005.00991674
111  50.44069772 -005.00979241
111  50.44071006 -005.00974637
111  50.44205397 -005.00468042
111  50.44221726 -005.00408050
113  50.44251591 -005.00461861
111  50.43890427 -005.01770036
111  50.43891119 -005.01744230
111  50.43902481 -005.01725398
111  50.43901230 -005.01723191
111  50.43891441 -005.01739223
111  50.43891897 -005.01716956
111  50.43889943 -005.01716852
111  50.43889178 -005.01742980
111  50.43877920 -005.01762000
111  50.43879474 -005.01764435
111  50.43889081 -005.01747779
113  50.43888704 -005.01770397
110 1 0.00 66.0000 New Taxiway 46
111  50.44300024 -005.00283124
111  50.44268634 -005.00397089
111  50.44235443 -005.00353545
113  50.44277174 -005.00199669
111  50.44268961 -005.00337066
111  50.44269652 -005.00311175
111  50.44281014 -005.00292428
111  50.44279763 -005.00290221
111  50.44269974 -005.00306252
111  50.44270430 -005.00283986
111  50.44268476 -005.00283881
111  50.44267712 -005.00310009
111  50.44256453 -005.00329029
111  50.44258007 -005.00331464
111  50.44267614 -005.00314809
113  50.44267237 -005.00337427
110 1 0.00 2.0000 New Taxiway 84
111  50.44035836 -004.99518957
111  50.43883892 -004.99529861
111  50.43859059 -004.99531621
111  50.43855079 -004.99532030
111  50.43848314 -004.99516011
111  50.43847452 -004.99500337
111  50.44014041 -004.99487894
112  50.44014041 -004.99487894  50.44017368 -004.99487780
113  50.44022745 -004.99485442
110 2 0.00 120.5900 New Taxiway 78
111  50.44012924 -004.99969566
112  50.43990170 -005.00009065  50.43978256 -005.00047219
111  50.43990170 -005.00009065
111  50.43972391 -004.99971235
111  50.43949912 -004.99908413
111  50.43946308 -004.99911689
111  50.43943652 -004.99904541
111  50.43939953 -004.99907966
111  50.43938910 -004.99904690
111  50.43925157 -004.99917497
111  50.43927243 -004.99923454
111  50.43917000 -004.99933581
111  50.43917948 -004.99937602
111  50.43911498 -004.99952941
111  50.43906756 -004.99947580
111  50.43897176 -004.99967684
112  50.43894524 -004.99982319  50.43895546 -004.99989197
111  50.43894524 -004.99982319
111  50.43901278 -005.00021186
111  50.43890010 -005.00028558
112  50.43886045 -004.99994976  50.43875570 -004.99982445
111  50.43886045 -004.99994976
111  50.43851836 -004.99957362
111  50.43855112 -004.99949916
112  50.43855112 -004.99949916  50.43860884 -004.99953720
111  50.43867098 -004.99944636
111  50.43872271 -004.99932046
112  50.43872271 -004.99932046  50.43873411 -004.99924997
111  50.43869598 -004.99920674
111  50.43874944 -004.99907948
111  50.43867529 -004.99900231
111  50.43872099 -004.99890078
111  50.43862801 -004.99867819
111  50.43866435 -004.99863903
111  50.43867219 -004.99863567
111  50.43873739 -004.99849219
111  50.43873276 -004.99845553
112  50.43873276 -004.99845553  50.43871943 -004.99836992
111  50.43874060 -004.99833246
113  50.43922122 -004.99728430
110 1 0.00 35.0000 New Taxiway 1
111  50.44494784 -005.00066195
111  50.44481461 -005.00024269
111  50.44470071 -004.99999962
111  50.44489403 -004.99928661
111  50.44500481 -004.99957136
111  50.44507394 -004.99950982
111  50.44510529 -004.99958703
111  50.44493996 -004.99974145
111  50.44491043 -005.00002014
111  50.44500466 -005.00021939
111  50.44515832 -005.00005377
111  50.44518830 -004.99980407
112  50.44518830 -004.99980407  50.44529830 -004.99990114
111  50.44537355 -004.99989655
112  50.44567605 -004.99992598  50.44571132 -004.99987797
111  50.44567605 -004.99992598
111  50.44585755 -004.99958799
111  50.44598176 -004.99978978
111  50.44577295 -004.99997558
111  50.44573655 -004.99993018
111  50.44568376 -004.99999777
111  50.44537466 -004.99992838
111  50.44535857 -005.00004903
111  50.44520169 -005.00027516
111  50.44516285 -005.00046636
111  50.44508661 -005.00041823
111  50.44499745 -005.00055949
111  50.44508821 -005.00063011
111  50.44507215 -005.00068056
111  50.44501191 -005.00063263
113  50.44497949 -005.00074614
110 1 0.00 120.5900 New Taxiway 13
111  50.44593730 -005.00298655
111  50.44579545 -005.00260724
111  50.44575910 -005.00272309
111  50.44574051 -005.00274089
111  50.44557361 -005.00230029
111  50.44558313 -005.00227608
111  50.44572030 -005.00227731
111  50.44576309 -005.00213517
111  50.44576309 -005.00202491
111  50.44564399 -005.00171843
111  50.44558134 -005.00165916
111  50.44548014 -005.00164528
111  50.44542232 -005.00182564
111  50.44542111 -005.00188667
111  50.44524521 -005.00141554
111  50.44525251 -005.00138427
111  50.44539458 -005.00141788
111  50.44563156 -005.00142822
111  50.44584605 -005.00162204
111  50.44590749 -005.00177365
111  50.44591211 -005.00194692
111  50.44591408 -005.00218283
111  50.44588390 -005.00229568
111  50.44589926 -005.00231807
111  50.44584276 -005.00253860
111  50.44582795 -005.00254118
111  50.44588081 -005.00271880
111  50.44596564 -005.00294149
113  50.44596203 -005.00296243
110 1 0.00 120.5900 New Taxiway 4
111  50.44613777 -005.00393769
111  50.44622473 -005.00402525
111  50.44624663 -005.00403359
111  50.44627849 -005.00400232
111  50.44629508 -005.00406903
111  50.44629907 -005.00410968
111  50.44631832 -005.00406486
111  50.44634885 -005.00407111
111  50.44707434 -005.00598175
111  50.44714662 -005.00576986
111  50.44721569 -005.00585689
111  50.44723727 -005.00586125
111  50.44717720 -005.00607768
111  50.44714421 -005.00608896
111  50.44708703 -005.00628268
113  50.44709439 -005.00646535
110 1 0.00 46.0000 New Taxiway 16
111  50.44713886 -004.99598227
111  50.44667771 -004.99671433
111  50.44668460 -004.99738296
111  50.44665476 -004.99771277
111  50.44656524 -004.99786055
111  50.44636670 -004.99789840
111  50.44621865 -004.99790381
111  50.44621405 -004.99813089
111  50.44618422 -004.99844988
111  50.44610158 -004.99858324
111  50.44589271 -004.99863190
111  50.44575613 -004.99863190
111  50.44575958 -004.99884096
111  50.44572496 -004.99919762
111  50.44565170 -004.99931854
111  50.44551971 -004.99934738
111  50.44524404 -004.99960282
111  50.44520093 -004.99949314
111  50.44525266 -004.99945388
111  50.44527163 -004.99951075
111  50.44533717 -004.99944440
112  50.44533717 -004.99944440  50.44538274 -004.99939576
111  50.44535355 -004.99929952
111  50.44532596 -004.99925754
111  50.44525094 -004.99931983
111  50.44518799 -004.99913974
111  50.44520955 -004.99912079
111  50.44517743 -004.99902965
111  50.44512345 -004.99907829
111  50.44513540 -004.99909775
111  50.44508274 -004.99915125
111  50.44506460 -004.99909010
111  50.44510708 -004.99904980
111  50.44511371 -004.99906231
111  50.44516504 -004.99901437
111  50.44512876 -004.99891014
111  50.44510606 -004.99893486
111  50.44508318 -004.99887601
111  50.44515035 -004.99881716
111  50.44515132 -004.99879270
111  50.44513088 -004.99874149
111  50.44516009 -004.99871550
111  50.44517372 -004.99875754
111  50.44519756 -004.99873002
111  50.44530195 -004.99855097
111  50.44527761 -004.99849364
111  50.44523429 -004.99847912
111  50.44493790 -004.99880195
111  50.44490551 -004.99881009
111  50.44463879 -004.99839661
111  50.44553997 -004.99698236
111  50.44573672 -004.99727655
111  50.44581433 -004.99727901
111  50.44581119 -004.99704021
111  50.44583863 -004.99672017
111  50.44592485 -004.99659338
111  50.44612239 -004.99654291
111  50.44626897 -004.99654907
111  50.44627133 -004.99633242
111  50.44630033 -004.99598652
111  50.44638734 -004.99585604
111  50.44659663 -004.99581173
113  50.44703281 -004.99581376
111  50.44653322 -004.99746026
111  50.44652930 -004.99717222
111  50.44638272 -004.99717468
111  50.44621810 -004.99743810
111  50.44622045 -004.99766091
113  50.44640310 -004.99766091
111  50.44612247 -004.99727069
111  50.44628160 -004.99701712
111  50.44628081 -004.99678447
111  50.44609582 -004.99678324
111  50.44596178 -004.99698758
113  50.44596726 -004.99726700
111  50.44657811 -004.99654245
111  50.44674486 -004.99627835
111  50.44674201 -004.99605790
111  50.44655459 -004.99605342
111  50.44642774 -004.99626156
113  50.44642917 -004.99653573
111  50.44594063 -004.99841112
111  50.44607740 -004.99819253
111  50.44607253 -004.99789827
111  50.44592846 -004.99789750
111  50.44574302 -004.99817342
113  50.44574886 -004.99841036
111  50.44548069 -004.99913434
111  50.44561155 -004.99892071
111  50.44561479 -004.99863078
111  50.44545672 -004.99862671
111  50.44528245 -004.99889934
113  50.44528828 -004.99914655
110 1 0.00 120.5900 New Taxiway 7
111  50.44384688 -005.00227405
111  50.44375253 -005.00235502
111  50.44108749 -004.99528581
111  50.44127342 -004.99523767
111  50.44128413 -004.99526747
112  50.44123692 -004.99534160  50.44123603 -004.99539093
111  50.44123692 -004.99534160
111  50.44316655 -005.00045524
111  50.44313033 -005.00044170
111  50.44314413 -005.00049586
111  50.44347585 -005.00101296
113  50.44343629 -005.00119637
110 1 0.00 120.5900 New Taxiway 6
111  50.44416108 -005.00343318
111  50.44425120 -005.00335411
111  50.44670164 -005.00986435
113  50.44660543 -005.00994492
110 2 0.00 30.0000 New Taxiway 41
111  50.44033727 -005.00046905
111  50.43996987 -005.00087422
111  50.43980228 -005.00061229
111  50.43925938 -005.00000736
112  50.43903697 -004.99988358  50.43900754 -004.99979619
111  50.43903697 -004.99988358
111  50.43897176 -004.99967684
111  50.43906756 -004.99947580
111  50.43911498 -004.99952941
111  50.43917948 -004.99937602
111  50.43917000 -004.99933581
111  50.43927243 -004.99923454
111  50.43925157 -004.99917497
111  50.43938910 -004.99904690
111  50.43939953 -004.99907966
111  50.43943652 -004.99904541
111  50.43946308 -004.99911689
111  50.43949912 -004.99908413
111  50.43972391 -004.99971235
111  50.43999222 -005.00028246
112  50.44014585 -005.00025379  50.44026056 -005.00014537
113  50.44014585 -005.00025379
110 1 0.00 300.0000 New Taxiway 35
111  50.44667032 -005.01234748
111  50.44672151 -005.01230411
112  50.44675280 -005.01241224  50.44677252 -005.01246255
111  50.44675280 -005.01241224
112  50.44738395 -005.01403911  50.44754735 -005.01438970
111  50.44786528 -005.01509522
112  50.44786528 -005.01509522  50.44803505 -005.01536497
111  50.44838004 -005.01613035
111  50.44880120 -005.01703530
112  50.44904053 -005.01759382  50.44912089 -005.01780363
111  50.44923172 -005.01810404
112  50.44923172 -005.01810404  50.44931008 -005.01830755
111  50.44937091 -005.01856796
111  50.44934829 -005.01858982
112  50.44923172 -005.01817963  50.44916844 -005.01801083
111  50.44923172 -005.01817963
112  50.44899373 -005.01754972  50.44886515 -005.01723895
111  50.44874237 -005.01698911
111  50.44875173 -005.01718438
112  50.44888142 -005.01771350  50.44897523 -005.01795730
111  50.44888142 -005.01771350
111  50.44929456 -005.01883264
112  50.44929456 -005.01883264  50.44935268 -005.01898672
111  50.44942158 -005.01904681
112  50.44966492 -005.01924531  50.44969717 -005.01933360
111  50.44966492 -005.01924531
111  50.44980464 -005.01943828
112  50.44982522 -005.01952057  50.44988032 -005.01954190
111  50.44982522 -005.01952057
111  50.44958945 -005.01962048
112  50.44958945 -005.01962048  50.44967322 -005.01946877
111  50.44962750 -005.01936384
111  50.44962812 -005.01929429
111  50.44960255 -005.01924531
112  50.44951647 -005.01917381  50.44949383 -005.01909558
111  50.44951647 -005.01917381
111  50.44941231 -005.01909544
112  50.44928819 -005.01890541  50.44924366 -005.01877504
111  50.44928819 -005.01890541
111  50.44887541 -005.01779352
112  50.44887541 -005.01779352  50.44873843 -005.01741935
111  50.44872515 -005.01717074
112  50.44864007 -005.01674945  50.44855770 -005.01657907
111  50.44864007 -005.01674945
111  50.44824982 -005.01591749
112  50.44783877 -005.01509845  50.44774234 -005.01494386
111  50.44783877 -005.01509845
112  50.44736186 -005.01407111  50.44718011 -005.01367327
111  50.44672650 -005.01243479
114  50.44672650 -005.01243479  50.44670819 -005.01239056
130 Airport Boundary 6
111  50.44902448 -005.01558858
111  50.44812189 -005.01643154
111  50.44708120 -005.01372166
111  50.44683764 -005.01408224
111  50.44638456 -005.01310074
111  50.44500086 -005.01356849
111  50.44500453 -005.01301410
111  50.44464548 -005.01208889
111  50.44460865 -005.01176567
111  50.44449656 -005.01163081
111  50.44432174 -005.01091153
111  50.44409518 -005.01036213
111  50.44455155 -005.00989357
111  50.44417364 -005.00884640
111  50.44404024 -005.00896546
111  50.44351613 -005.00747071
111  50.44325459 -005.00763497
111  50.44273576 -005.00998062
111  50.44297998 -005.01108447
111  50.44278145 -005.01204198
111  50.44272268 -005.01295556
111  50.44239006 -005.01403135
111  50.44240884 -005.01456086
111  50.44243267 -005.01554366
111  50.44245650 -005.01663952
111  50.44253669 -005.01675719
111  50.44264191 -005.01676182
111  50.44301322 -005.01585708
111  50.44320923 -005.01578305
111  50.44368072 -005.01637753
111  50.44372647 -005.01668199
111  50.44349654 -005.01744641
111  50.44339182 -005.01757182
111  50.44286376 -005.01748565
111  50.44262176 -005.01721961
111  50.44166806 -005.01967042
111  50.44130070 -005.02020477
111  50.44078308 -005.02061132
111  50.43986239 -005.02069431
111  50.44040516 -005.02131113
111  50.44079295 -005.02261137
111  50.44146567 -005.02297070
111  50.44079639 -005.02685021
111  50.44052408 -005.03069266
111  50.44068953 -005.03257943
111  50.44057841 -005.03275419
111  50.44084097 -005.03334265
111  50.44104761 -005.03392001
111  50.44103242 -005.03430738
111  50.44109668 -005.03524867
111  50.44088488 -005.03569278
111  50.44093290 -005.03612413
111  50.44112623 -005.03872227
111  50.44095587 -005.03958748
111  50.44020004 -005.04049052
111  50.43961306 -005.04010483
111  50.43938908 -005.03981412
111  50.43884857 -005.03963354
111  50.43830302 -005.03951629
111  50.43820810 -005.03957162
111  50.43758381 -005.03991192
111  50.43743343 -005.03993560
111  50.43735867 -005.03983262
111  50.43732671 -005.03926258
111  50.43719871 -005.03793767
111  50.43704046 -005.03664441
111  50.43587933 -005.03377628
111  50.43634537 -005.03323846
111  50.43644281 -005.03345101
111  50.43682418 -005.03327016
111  50.43678522 -005.03278449
111  50.43646292 -005.03178857
111  50.43595270 -005.03051818
111  50.43564248 -005.03000661
111  50.43417942 -005.02865139
111  50.43454624 -005.02755011
111  50.43471724 -005.02671048
111  50.43474657 -005.02583814
111  50.43479244 -005.02533551
111  50.43494665 -005.02487212
111  50.43527586 -005.02438257
111  50.43561756 -005.02410889
111  50.43593678 -005.02374788
111  50.43609766 -005.02341303
111  50.43606482 -005.02329135
111  50.43574449 -005.02307155
111  50.43594915 -005.02137990
111  50.43620382 -005.02149371
111  50.43673393 -005.01986401
111  50.43763857 -005.01594400
111  50.43658633 -005.01495807
111  50.43665530 -005.01476902
111  50.43557798 -005.01354643
111  50.43456126 -005.01250225
111  50.43463345 -005.01215742
111  50.43457319 -005.01191009
111  50.43457243 -005.01166276
111  50.43467902 -005.01143529
111  50.43481665 -005.01137841
111  50.43490179 -005.01102546
111  50.43486771 -005.00797743
111  50.43511498 -005.00749892
111  50.43573724 -005.00728206
111  50.43552837 -005.00651699
111  50.43523739 -005.00629839
111  50.43502658 -005.00492569
111  50.43552911 -005.00430916
111  50.43554087 -005.00352984
111  50.43545949 -005.00310574
111  50.43591129 -005.00233644
111  50.43540580 -005.00175916
111  50.43530137 -005.00142062
111  50.43487874 -005.00171348
111  50.43465347 -005.00145564
111  50.43442768 -005.00064248
111  50.43450012 -005.00029422
111  50.43472256 -005.00019453
111  50.43521508 -005.00034192
111  50.43528470 -005.00009600
111  50.43472256 -004.99986045
111  50.43452270 -004.99966956
111  50.43465616 -004.99921702
111  50.43468042 -004.99889915
111  50.43430241 -004.99807406
111  50.43420215 -004.99711194
111  50.43427056 -004.99615868
111  50.43459487 -004.99474058
111  50.43505158 -004.99395051
111  50.43606572 -004.99346841
111  50.43658176 -004.99289040
111  50.43683377 -004.99247285
111  50.43678155 -004.99230891
111  50.43630744 -004.99274724
111  50.43594684 -004.99250133
111  50.43579926 -004.99293427
111  50.43538913 -004.99334719
111  50.43508834 -004.99321943
111  50.43450147 -004.99198103
111  50.43422298 -004.99165315
111  50.43388886 -004.99116250
111  50.43375452 -004.99065181
111  50.43377952 -004.99013498
111  50.43363121 -004.98979518
111  50.43359787 -004.98909595
111  50.43348289 -004.98875036
111  50.43327060 -004.98809345
111  50.43330124 -004.98760626
111  50.43316053 -004.98721413
111  50.43302176 -004.98655994
111  50.43302202 -004.98616120
111  50.43397145 -004.98522708
111  50.43405236 -004.98458866
111  50.43241089 -004.98431543
111  50.43253199 -004.98379014
111  50.43262808 -004.98316020
111  50.43263882 -004.98162396
111  50.43279071 -004.97828319
111  50.43276057 -004.97786066
111  50.43286656 -004.97672582
111  50.43297255 -004.97636661
111  50.43315416 -004.97618153
111  50.43408678 -004.97571160
111  50.43498996 -004.97553784
111  50.43545933 -004.97734543
111  50.43698834 -004.97832775
111  50.43800091 -004.97926670
111  50.43907677 -004.98045403
111  50.43903782 -004.98195748
111  50.43916978 -004.98307810
111  50.44007333 -004.98659890
111  50.44171777 -004.99095986
111  50.44191546 -004.99116621
111  50.44234076 -004.99140668
111  50.44266747 -004.99186986
111  50.44312354 -004.99201295
111  50.44384960 -004.99200454
111  50.44431349 -004.99190113
111  50.44469896 -004.99206101
111  50.44533154 -004.99085561
111  50.44585566 -004.99198328
111  50.44742497 -004.99239572
111  50.44794256 -004.99202068
111  50.44814216 -004.99170236
111  50.44823084 -004.99166905
111  50.44848749 -004.99222288
111  50.44880647 -004.99316033
111  50.44886832 -004.99402004
111  50.44873475 -004.99486957
111  50.44846368 -004.99566151
111  50.44679075 -004.99943481
111  50.44665417 -005.00029726
111  50.44672096 -005.00106476
111  50.44691478 -005.00221458
111  50.44705957 -005.00302971
111  50.44724836 -005.00407876
111  50.44751644 -005.00493564
111  50.44794358 -005.00610415
111  50.44857455 -005.00775062
111  50.44894757 -005.00876142
111  50.44873439 -005.00962524
111  50.44867423 -005.01046166
111  50.44867617 -005.01132246
111  50.44875682 -005.01253479
113  50.44802625 -005.01285649
120 Linear Feature 52
111  50.44600834 -005.00305975 1
111  50.44603151 -005.00289222
112  50.44603151 -005.00289222  50.44603560 -005.00286428 1
111  50.44605206 -005.00285308 1
111  50.44610912 -005.00282253
112  50.44610912 -005.00282253  50.44613430 -005.00280908 1
111  50.44614432 -005.00276726 1
111  50.44616530 -005.00269688 1
111  50.44619569 -005.00272900 1
111  50.44615477 -005.00273224
111  50.44614432 -005.00276726 1
111  50.44618885 -005.00276824
111  50.44617747 -005.00280190 1
111  50.44613061 -005.00280028
111  50.44610912 -005.00282253 1
111  50.44616158 -005.00284850
111  50.44613833 -005.00287131 1
111  50.44608580 -005.00283502
111  50.44606456 -005.00284639 1
111  50.44610549 -005.00288904
111  50.44607657 -005.00290452 1
111  50.44603988 -005.00286756
111  50.44602921 -005.00290964 1
111  50.44607028 -005.00295059
111  50.44606433 -005.00299515 1
111  50.44602453 -005.00294263
111  50.44601986 -005.00297661 1
111  50.44605978 -005.00302835
111  50.44605528 -005.00306209 1
111  50.44601487 -005.00301265
111  50.44600834 -005.00305975 1
115  50.44604943 -005.00310537
120 Linear Feature 50
111  50.44641103 -005.00299106 1
112  50.44639370 -005.00296701  50.44638159 -005.00295367
111  50.44639370 -005.00296701
112  50.44639370 -005.00296701  50.44639424 -005.00294346 1
111  50.44637722 -005.00289811 1
111  50.44634419 -005.00282376
111  50.44632396 -005.00286612 1
111  50.44636453 -005.00286964
111  50.44637997 -005.00290602 1
111  50.44632975 -005.00290787
111  50.44634180 -005.00294571 1
111  50.44639008 -005.00294063
111  50.44639788 -005.00297206 1
111  50.44635502 -005.00298720
113  50.44636976 -005.00303354 1
120 Linear Feature 49
111  50.44646139 -005.00318778 1
111  50.44648682 -005.00310287
112  50.44648682 -005.00310287  50.44648980 -005.00309318 1
111  50.44648478 -005.00307921 1
111  50.44647257 -005.00305172
112  50.44647257 -005.00305172  50.44646056 -005.00302479 1
111  50.44643578 -005.00302294 20
111  50.44638264 -005.00307396
111  50.44647392 -005.00305476 1
111  50.44641294 -005.00304486
111  50.44638264 -005.00307396 1
111  50.44648478 -005.00307921
111  50.44648682 -005.00310287 1
111  50.44639001 -005.00309718
111  50.44639780 -005.00312150 1
111  50.44647897 -005.00312901
111  50.44647198 -005.00315232 1
111  50.44641937 -005.00314599
111  50.44644725 -005.00317372 1
115  50.44646652 -005.00317062
120 Linear Feature 48
111  50.44658693 -005.00341993 1
111  50.44658505 -005.00335713 1
111  50.44651442 -005.00315471 1
112  50.44649311 -005.00315425  50.44648694 -005.00317204
111  50.44649311 -005.00315425 1
111  50.44647643 -005.00320281
111  50.44652372 -005.00318140 1
111  50.44648439 -005.00317964
111  50.44648261 -005.00320895 1
111  50.44653240 -005.00320624
111  50.44653936 -005.00322619 1
111  50.44650759 -005.00323104
111  50.44652885 -005.00324985 1
111  50.44654603 -005.00324535
111  50.44655341 -005.00326649 1
111  50.44654213 -005.00327106
111  50.44654988 -005.00328826 1
111  50.44655999 -005.00328535
111  50.44656765 -005.00330729 1
111  50.44655966 -005.00330999
111  50.44656758 -005.00332754 1
111  50.44657380 -005.00332491
111  50.44658122 -005.00334619 1
111  50.44657464 -005.00334837
111  50.44657858 -005.00337135 1
111  50.44658543 -005.00336987
111  50.44658611 -005.00339244 1
115  50.44658206 -005.00339158
120 Linear Feature 10
111  50.44638719 -005.00015618 1
111  50.44645469 -005.00008764
112  50.44645469 -005.00008764  50.44646927 -005.00007249 1
111  50.44654888 -005.00001664
112  50.44654888 -005.00001664  50.44656129 -005.00000718 1
111  50.44657369 -004.99998854 1
111  50.44664393 -004.99990215 1
111  50.44658245 -004.99983473 1
111  50.44654094 -004.99981191 1
111  50.44647322 -004.99990028
112  50.44647322 -004.99990028  50.44646784 -004.99998622 1
111  50.44643523 -005.00002848 1
111  50.44636175 -005.00011821 1
111  50.44638719 -005.00015618
111  50.44637599 -005.00013940 1
111  50.44637751 -005.00009901
111  50.44639170 -005.00015160 1
111  50.44639264 -005.00008043
111  50.44641016 -005.00005912 1
111  50.44640923 -005.00013382
111  50.44642801 -005.00011473 1
111  50.44642785 -005.00003757
111  50.44644390 -005.00001430 1
111  50.44644440 -005.00009805
111  50.44646098 -005.00008186 1
111  50.44646006 -004.99997483
111  50.44647512 -004.99989779 1
111  50.44647888 -005.00006754
111  50.44649632 -005.00005447 1
111  50.44649202 -004.99987580
111  50.44650836 -004.99985441 1
111  50.44651488 -005.00004069
111  50.44653335 -005.00002765 1
111  50.44652584 -004.99983170
111  50.44654094 -004.99981191 1
111  50.44654888 -005.00001664
111  50.44656617 -004.99999871 1
111  50.44656345 -004.99982431
111  50.44658073 -004.99983380 1
111  50.44658393 -004.99997588
111  50.44660203 -004.99995368 1
111  50.44659952 -004.99985349
111  50.44661939 -004.99987528 1
111  50.44661918 -004.99993255
111  50.44660646 -004.99986106 1
111  50.44651350 -004.99984773
111  50.44649735 -004.99986878 1
111  50.44664393 -004.99990215
111  50.44662490 -004.99992552 1
111  50.44647915 -004.99989256
111  50.44647146 -004.99991983 1
111  50.44660544 -004.99994946
111  50.44658533 -004.99997420 1
111  50.44646713 -004.99994697
111  50.44646006 -004.99997483 1
111  50.44656783 -004.99999663
111  50.44654450 -005.00001961 1
111  50.44644993 -005.00000193
111  50.44643523 -005.00002848 1
111  50.44651488 -005.00004069
111  50.44646970 -005.00007475 1
111  50.44641801 -005.00004951
111  50.44640095 -005.00007035 1
111  50.44645469 -005.00008764
111  50.44643966 -005.00010290 1
111  50.44636836 -005.00011013
111  50.44637502 -005.00013805 1
115  50.44640923 -005.00013382
120 Linear Feature 9
111  50.44433511 -004.99772788 20
111  50.44425269 -004.99767706
111  50.44437911 -004.99757305 20
111  50.44429466 -004.99752064
111  50.44441855 -004.99741662 20
111  50.44433511 -004.99736740
111  50.44446052 -004.99725941 20
111  50.44437506 -004.99721256
111  50.44450249 -004.99710537 20
111  50.44441501 -004.99705296
111  50.44454496 -004.99694894 20
111  50.44445782 -004.99689452
111  50.44443163 -004.99687724 20
115  50.44422437 -004.99766039
120 Linear Feature 4
111  50.43624830 -004.99681649 20
112  50.43622260 -004.99658979  50.43619799 -004.99648809
111  50.43622260 -004.99658979
112  50.43622260 -004.99658979  50.43620927 -004.99651302 20
111  50.43625136 -004.99639479 20
111  50.43630030 -004.99630449
111  50.43625380 -004.99627471 20
112  50.43609656 -004.99644090  50.43602196 -004.99642897 20
111  50.43597541 -004.99643417 20
111  50.43585794 -004.99645146
111  50.43583714 -004.99654368 20
112  50.43602742 -004.99651102  50.43610181 -004.99651233
111  50.43602742 -004.99651102
112  50.43602742 -004.99651102  50.43618831 -004.99649921 20
111  50.43619507 -004.99672907 20
111  50.43619874 -004.99683474
111  50.43622260 -004.99658979
112  50.43622260 -004.99658979  50.43618635 -004.99646969 21
111  50.43609656 -004.99644090
111  50.43616986 -004.99649291
112  50.43616986 -004.99649291  50.43620311 -004.99644347 22
115  50.43622808 -004.99638902
120 Linear Feature 3
111  50.43880185 -005.00068695 21
111  50.43894192 -005.00036541 21
111  50.43901170 -005.00021060
112  50.43901170 -005.00021060  50.43893682 -005.00018556 21
111  50.43891512 -005.00023997
111  50.43895810 -005.00020186 22
112  50.43895028 -005.00008463  50.43894226 -005.00004574
111  50.43895028 -005.00008463 22
115  50.43890399 -004.99983904
120 Linear Feature 2
111  50.43785019 -004.99882668 21
111  50.43769478 -004.99865185
111  50.43743622 -004.99935032 22
111  50.43738474 -004.99946579 21
111  50.43732498 -004.99940156
111  50.43694466 -004.99880560 22
111  50.43689548 -004.99891241 21
111  50.43683867 -004.99885806
111  50.43657325 -004.99826248 22
115  50.43671001 -004.99797076
120 Linear Feature 1
111  50.43855950 -005.00124849 21
111  50.43867517 -005.00097719
111  50.43849680 -005.00123277 21
111  50.43862406 -005.00093017
111  50.43812686 -005.00054102 22
111  50.43796717 -005.00030620
111  50.43816001 -005.00051955
112  50.43816001 -005.00051955  50.43781065 -004.99996814 22
111  50.43764978 -004.99981749
111  50.43760015 -004.99981492 22
111  50.43785089 -005.00010660
112  50.43785089 -005.00010660  50.43786802 -005.00012587 22
111  50.43787862 -005.00017281
111  50.43809095 -005.00033970 20
111  50.43798423 -005.00019383 20
112  50.43799978 -004.99987715  50.43803455 -004.99974352
111  50.43799978 -004.99987715
111  50.43796040 -004.99977467 20
111  50.43790722 -004.99992487
112  50.43790722 -004.99992487  50.43788231 -004.99999657 20
111  50.43781915 -004.99996717 20
111  50.43774489 -004.99986685
111  50.43809227 -004.99908969 21
111  50.43829949 -004.99932681
111  50.43810855 -004.99944577 22
111  50.43803040 -004.99965347
112  50.43803040 -004.99965347  50.43795152 -004.99988053 22
111  50.43791581 -005.00009987
111  50.43798423 -005.00019383 21
115  50.43781915 -004.99996717
120 Linear Feature 52
111  50.44438779 -005.00117315 6
111  50.44458132 -005.00130580
111  50.44412103 -005.00218249 4
111  50.44431472 -005.00230779
111  50.44391161 -005.00242996 3
111  50.44363322 -005.00234677
111  50.44402838 -005.00339416 3
115  50.44412575 -005.00301838
120 Linear Feature 6
111  50.44173329 -005.00447862 20
111  50.44039472 -005.00954510
111  50.44025842 -005.00704723 20
111  50.44015922 -005.00744768
112  50.44015922 -005.00744768  50.44013209 -005.00756045 20
111  50.44016043 -005.00773664 20
111  50.44027506 -005.00829255 20
112  50.44026635 -005.00836166  50.44025710 -005.00840004
111  50.44026635 -005.00836166 20
111  50.44014108 -005.00889857
112  50.44014108 -005.00889857  50.44008203 -005.00924359 20
111  50.44008111 -005.00928816
112  50.44008111 -005.00928816  50.44005823 -005.00943352 20
111  50.44016430 -005.00970737
112  50.44016430 -005.00970737  50.44018703 -005.00977116 20
111  50.44028183 -005.00984103 20
111  50.44039259 -005.00991925
112  50.44039259 -005.00991925  50.44059040 -005.01006995 20
111  50.44054301 -005.01046149 20
111  50.44045740 -005.01082602
112  50.44045740 -005.01082602  50.44040883 -005.01102726 20
111  50.44042741 -005.01119465
112  50.44042741 -005.01119465  50.44044438 -005.01170373 20
111  50.44063392 -005.01173280 20
111  50.44136481 -005.01221446
112  50.44136481 -005.01221446  50.44146653 -005.01229431 20
111  50.44157303 -005.01249968 20
112  50.44185151 -005.01296923  50.44195902 -005.01311378
111  50.44185151 -005.01296923
112  50.44185151 -005.01296923  50.44201631 -005.01319768 20
111  50.44211028 -005.01303651
111  50.44209571 -005.01299883 20
112  50.44187550 -005.01293964  50.44172228 -005.01273343
111  50.44187550 -005.01293964
112  50.44187550 -005.01293964  50.44173902 -005.01275667 20
111  50.44152676 -005.01234900 20
111  50.44170413 -005.01247278
112  50.44170413 -005.01247278  50.44182258 -005.01255667 20
111  50.44192862 -005.01236918
111  50.44190292 -005.01234765 20
112  50.44170070 -005.01241627  50.44157324 -005.01233540
111  50.44170070 -005.01241627 20
111  50.44145307 -005.01224944 20
111  50.44133739 -005.01215391 20
111  50.44064077 -005.01169244 20
112  50.44047197 -005.01136685  50.44044198 -005.01109105
111  50.44047197 -005.01136685 20
111  50.44045226 -005.01114352 20
112  50.44049425 -005.01079103  50.44054868 -005.01057876
111  50.44049425 -005.01079103 20
111  50.44056365 -005.01050447 20
112  50.44039828 -005.00987752  50.44016711 -005.00968638
111  50.44039828 -005.00987752 20
111  50.44025090 -005.00976854 20
112  50.44015493 -005.00960037  50.44012253 -005.00948494
111  50.44015493 -005.00960037 20
112  50.44012494 -005.00917927  50.44017017 -005.00896207
111  50.44012494 -005.00917927 20
111  50.44029546 -005.00838011
112  50.44029546 -005.00838011  50.44030768 -005.00831113 20
111  50.44029203 -005.00823616 20
111  50.44018835 -005.00772761 20
112  50.44017892 -005.00749486  50.44019648 -005.00740631
111  50.44017892 -005.00749486 20
115  50.44028261 -005.00706434
120 Linear Feature 5
111  50.43832480 -005.01468904 20
111  50.43850564 -005.01402377
112  50.43850564 -005.01402377  50.43852729 -005.01395302 20
111  50.43861508 -005.01391535 20
111  50.43890010 -005.01374351
112  50.43890010 -005.01374351  50.43891941 -005.01372973 20
111  50.43893111 -005.01367552 20
111  50.44146445 -005.00413232 20
111  50.44150175 -005.00366262
112  50.44150175 -005.00366262  50.44150690 -005.00355749 20
111  50.44140722 -005.00351211
111  50.44136447 -005.00353096
112  50.44136447 -005.00353096  50.44150417 -005.00361485 22
111  50.44146747 -005.00376547 22
111  50.44144108 -005.00400807
112  50.44144108 -005.00400807  50.44143593 -005.00405558 22
111  50.44139988 -005.00419608 22
111  50.43890048 -005.01368132 22
111  50.43855436 -005.01389688 22
112  50.43847711 -005.01401110  50.43845370 -005.01409931
111  50.43847711 -005.01401110 22
111  50.43818167 -005.01512525
111  50.43829559 -005.01457213 20
111  50.43846625 -005.01393505
112  50.43846625 -005.01393505  50.43847854 -005.01388635 20
111  50.43851653 -005.01387056 20
111  50.43885644 -005.01365153
112  50.43885644 -005.01365153  50.43888244 -005.01363277 20
111  50.43888406 -005.01360483 20
115  50.43964174 -005.01071280
120 Linear Feature 4
111  50.44079684 -005.01350489 20
111  50.44106446 -005.01369035
112  50.44106446 -005.01369035  50.44112632 -005.01373279 20
111  50.44110921 -005.01385071
111  50.44116718 -005.01363107 20
112  50.44106446 -005.01369035  50.44101075 -005.01365924
111  50.44106446 -005.01369035
111  50.44125643 -005.01431367 20
111  50.44110836 -005.01421075
112  50.44110836 -005.01421075  50.44105076 -005.01417174 20
111  50.44105660 -005.01405019
111  50.44099665 -005.01427730 20
112  50.44110836 -005.01421075  50.44116597 -005.01424976
111  50.44110836 -005.01421075
111  50.44093947 -005.01539799 20
111  50.44073624 -005.01554558
112  50.44073624 -005.01554558  50.44065111 -005.01560572 20
111  50.44062846 -005.01567263
111  50.44077700 -005.01510976
112  50.44077700 -005.01510976  50.44074030 -005.01549415 20
111  50.44093947 -005.01539799 20
111  50.44121140 -005.01522009
111  50.44038481 -005.01583813 20
111  50.44048841 -005.01590540
112  50.44048841 -005.01590540  50.44053557 -005.01593736 20
111  50.44059152 -005.01581261
111  50.44052437 -005.01606715
112  50.44052437 -005.01606715  50.44054035 -005.01596914 20
111  50.44048841 -005.01590540
111  50.43981359 -005.01754828 20
111  50.43976455 -005.01720089
112  50.43976455 -005.01720089  50.43975234 -005.01711385 20
111  50.43967131 -005.01706150
111  50.43982343 -005.01703381 20
116  50.43976455 -005.01720089  50.43977675 -005.01728793
120 Linear Feature 3
111  50.44138841 -005.01279264 20
111  50.44050617 -005.01613614
112  50.44050617 -005.01613614  50.44021810 -005.01734304 20
112  50.43922394 -005.01697346  50.43910191 -005.01688751
111  50.43922394 -005.01697346 20
111  50.43877490 -005.01664334
112  50.43877490 -005.01664334  50.43832979 -005.01618573 20
111  50.43846593 -005.01550385
111  50.44005859 -005.01833294 20
111  50.44042617 -005.01656790
112  50.44042617 -005.01656790  50.44044745 -005.01646432 20
111  50.44050617 -005.01613614
111  50.43997099 -005.01697411
112  50.43997099 -005.01697411  50.44027429 -005.01683990 20
116  50.44025299 -005.01739941  50.44023012 -005.01751901
120 Linear Feature 2
111  50.44184875 -005.01300082 8
111  50.44148272 -005.01268286
112  50.44148272 -005.01268286  50.44144797 -005.01265251 8
111  50.44140289 -005.01273790
111  50.44144647 -005.01257315
112  50.44144647 -005.01257315  50.44143479 -005.01264138 8
111  50.44148272 -005.01268286
111  50.44159992 -005.01278464
112  50.44159992 -005.01278464  50.44166856 -005.01284391 8
111  50.44177844 -005.01266382 8
115  50.44204637 -005.01218178
120 Linear Feature 1
111  50.44264421 -005.00664978 20
111  50.44130700 -005.01171276
111  50.44314497 -005.00615227 8
111  50.44138841 -005.01279264
111  50.44158089 -005.01206508 8
112  50.44143862 -005.01165293  50.44124197 -005.01153163
111  50.44143862 -005.01165293
111  50.44145322 -005.01069643 8
111  50.44169667 -005.01060753
112  50.44169667 -005.01060753  50.44196105 -005.01052776 8
111  50.44203797 -005.01033713
111  50.44185574 -005.01102619
112  50.44185574 -005.01102619  50.44191417 -005.01080155 8
111  50.44180943 -005.01056525 8
111  50.44156771 -005.00994166
112  50.44156771 -005.00994166  50.44145718 -005.00960800 8
111  50.44169524 -005.00946304 8
111  50.44222193 -005.00925792
112  50.44222193 -005.00925792  50.44231030 -005.00922208 8
111  50.44238862 -005.00901152
111  50.44216195 -005.00931335 8
111  50.44190746 -005.00867965
112  50.44190746 -005.00867965  50.44178965 -005.00838514 8
111  50.44202400 -005.00820068 8
111  50.44250212 -005.00803923
112  50.44250212 -005.00803923  50.44260514 -005.00800429 8
111  50.44269848 -005.00784021
111  50.44253935 -005.00844168 8
112  50.44250641 -005.00805402  50.44244980 -005.00790874
111  50.44250641 -005.00805402 8
116  50.44228962 -005.00739610  50.44221560 -005.00708093
120 Linear Feature 78
111  50.43917832 -004.99716652 20
111  50.44012924 -004.99969566
111  50.43897176 -004.99967684 20
111  50.43888362 -004.99942293 20
111  50.43873276 -004.99845553
112  50.43873276 -004.99845553  50.43871943 -004.99836992 20
111  50.43874060 -004.99833246 20
111  50.43922122 -004.99728430
111  50.43889748 -004.99799039 20
111  50.43966904 -004.99884397
111  50.43928859 -004.99914513 20
111  50.43874739 -004.99854820
111  50.43871773 -004.99820195 20
111  50.43858953 -004.99849581
112  50.43858953 -004.99849581  50.43858421 -004.99851003 20
111  50.43858668 -004.99853609 20
111  50.43876354 -004.99910117 20
115  50.43887395 -004.99979116
120 Linear Feature 75
111  50.43784084 -004.99520306 22
112  50.43765736 -004.99540732  50.43760393 -004.99558870
111  50.43765736 -004.99540732 22
111  50.43733001 -004.99659065
111  50.43701697 -004.99632335 22
111  50.43723695 -004.99551229
112  50.43723695 -004.99551229  50.43731196 -004.99522137 22
111  50.43754370 -004.99522385 22
111  50.43709180 -004.99526458
112  50.43709180 -004.99526458  50.43698040 -004.99527337 22
111  50.43687182 -004.99543161 22
111  50.43669241 -004.99608979
111  50.43679158 -004.99499423 22
111  50.43731808 -004.99534668
112  50.43731808 -004.99534668  50.43760638 -004.99550752 22
111  50.43751895 -004.99590721
111  50.43719673 -004.99566136
112  50.43719673 -004.99566136  50.43722863 -004.99530334 22
111  50.43707198 -004.99518218
111  50.43687182 -004.99543161
112  50.43687182 -004.99543161  50.43697589 -004.99511636 22
115  50.43680600 -004.99501263
120 Linear Feature 74
112  50.44746710 -005.00516290  50.44744905 -005.00518971 21
111  50.44744935 -005.00523861
111  50.44748187 -005.00524569
112  50.44748187 -005.00524569  50.44750624 -005.00524933 21
111  50.44754577 -005.00523409
111  50.44742940 -005.00535272 22
111  50.44734613 -005.00513152
111  50.44736879 -005.00525580 3
111  50.44739777 -005.00533252
112  50.44739777 -005.00533252  50.44740472 -005.00535213 3
111  50.44742940 -005.00535272 3
111  50.44747563 -005.00547608 3
115  50.44736961 -005.00557815
120 Linear Feature 69
111  50.44749006 -005.00509960 22
111  50.44729698 -005.00458324
111  50.44727366 -005.00460725 22
111  50.44745948 -005.00509960
111  50.44738628 -005.00509370 22
111  50.44724749 -005.00472323
111  50.44719778 -005.00467940 22
111  50.44736028 -005.00509970
111  50.44734613 -005.00513152 22
111  50.44716911 -005.00466619
112  50.44716911 -005.00466619  50.44713011 -005.00456472 22
115  50.44716108 -005.00444704
120 Linear Feature 68
111  50.44752514 -005.00510204 20
112  50.44750678 -005.00508022  50.44749966 -005.00506195
111  50.44750678 -005.00508022 20
111  50.44726958 -005.00444471
112  50.44726958 -005.00444471  50.44725417 -005.00440165 20
111  50.44728630 -005.00436802 21
111  50.44725255 -005.00426451
111  50.44720677 -005.00445720 20
112  50.44724192 -005.00457586  50.44725672 -005.00461508
111  50.44724192 -005.00457586 20
115  50.44744496 -005.00511998
120 Linear Feature 67
111  50.44762962 -005.00525782 22
111  50.44758752 -005.00513940 22
111  50.44751998 -005.00518445 22
112  50.44744364 -005.00512051  50.44740705 -005.00503201
111  50.44744364 -005.00512051 20
112  50.44742097 -005.00511906  50.44741470 -005.00510242
111  50.44742097 -005.00511906 20
111  50.44722482 -005.00459887 20
112  50.44720677 -005.00445720  50.44721999 -005.00439360
111  50.44720677 -005.00445720
112  50.44720677 -005.00445720  50.44721740 -005.00430698 22
111  50.44732475 -005.00427630
111  50.44729665 -005.00415613 22
115  50.44736236 -005.00442405
120 Linear Feature 66
111  50.44706564 -005.00297970 21
111  50.44705095 -005.00289879 22
111  50.44697552 -005.00291571
112  50.44697552 -005.00291571  50.44690841 -005.00292924 22
111  50.44689384 -005.00275305
111  50.44685890 -005.00273649 3
111  50.44684240 -005.00260992 3
111  50.44682360 -005.00261197 3
111  50.44681733 -005.00256604 3
111  50.44667997 -005.00262879 3
111  50.44666535 -005.00265913 3
111  50.44667501 -005.00275674 3
111  50.44675283 -005.00273131 3
111  50.44680793 -005.00275510 3
111  50.44685890 -005.00273649
111  50.44685793 -005.00272957 1
111  50.44667424 -005.00264102
111  50.44670843 -005.00261594 1
111  50.44685233 -005.00268784
111  50.44684666 -005.00264268 1
111  50.44675833 -005.00259312
111  50.44681733 -005.00256604 1
111  50.44668049 -005.00275493
111  50.44666789 -005.00268439 1
111  50.44675936 -005.00273131
111  50.44680547 -005.00275419 1
111  50.44685233 -005.00268784
111  50.44684590 -005.00263710 1
111  50.44677313 -005.00274003
111  50.44672965 -005.00273901 1
111  50.44682545 -005.00261166
111  50.44675290 -005.00259555 1
115  50.44666979 -005.00270465
120 Linear Feature 65
111  50.44672697 -005.00029879 21
111  50.44674277 -005.00012223
112  50.44674277 -005.00012223  50.44669863 -005.00009639 22
111  50.44663405 -004.99999800
111  50.44659726 -005.00005727 20
112  50.44654415 -005.00006787  50.44651956 -005.00011190
111  50.44654415 -005.00006787 20
111  50.44650498 -005.00013293
112  50.44650498 -005.00013293  50.44649421 -005.00015586 20
111  50.44651087 -005.00019903
112  50.44651087 -005.00019903  50.44647541 -005.00011498 20
115  50.44643465 -005.00013388
120 Linear Feature 64
111  50.44601393 -004.99758794 8
111  50.44538431 -004.99858493
111  50.44550047 -004.99853311 8
111  50.44606013 -004.99849787
112  50.44606013 -004.99849787  50.44615028 -004.99836621 8
111  50.44614461 -004.99820769 8
111  50.44613933 -004.99779314 8
111  50.44594529 -004.99780558
111  50.44539751 -004.99854554 8
112  50.44542509 -004.99830303  50.44542306 -004.99811051
111  50.44542509 -004.99830303 8
111  50.44542919 -004.99768743
112  50.44542919 -004.99768743  50.44543189 -004.99738872 8
111  50.44556382 -004.99740969 8
111  50.44582254 -004.99740554
111  50.44572222 -004.99805223 8
111  50.44568130 -004.99823878 8
111  50.44568394 -004.99886889 8
111  50.44545295 -004.99924820 8
115  50.44531435 -004.99923991
120 Linear Feature 20
111  50.44194378 -004.99361017 20
111  50.44185218 -004.99338933
111  50.44149458 -004.99242633 20
111  50.44145998 -004.99234722
111  50.43927239 -004.98654695 20
111  50.43902888 -004.98585435
111  50.43765823 -004.98226758 20
111  50.43736765 -004.98149550
111  50.43739342 -004.98133208 3
111  50.43778049 -004.98238559
111  50.43904556 -004.98574413 3
115  50.43936996 -004.98659343
120 Linear Feature 19
111  50.44315148 -004.99513039 20
111  50.44291404 -004.99449950
111  50.44253907 -004.99356108 20
111  50.44229794 -004.99292654
111  50.44220803 -004.99268482 20
111  50.44197958 -004.99207858
111  50.44180011 -004.99160888 20
111  50.44171103 -004.99136890
111  50.44224579 -004.99358641 3
111  50.44169128 -004.99211308
111  50.44164269 -004.99198823 3
111  50.44132994 -004.99115452
111  50.43926245 -004.98479961 20
111  50.43910734 -004.98438590
111  50.43887100 -004.98376058 20
111  50.43863589 -004.98313974
111  50.43839615 -004.98250215 20
111  50.43816084 -004.98188256
111  50.43792293 -004.98124535 20
111  50.43768754 -004.98061975
111  50.43745095 -004.97999056 20
111  50.43729449 -004.97958116
111  50.43724234 -004.97944645 20
111  50.43711616 -004.97917110
111  50.43692576 -004.97884657 20
111  50.43675782 -004.97860527
111  50.43634848 -004.97869253
112  50.43634848 -004.97869253  50.43658848 -004.97890091 3
111  50.43676596 -004.97921035
111  50.43690007 -004.97943800 3
112  50.43701545 -004.97969383  50.43704604 -004.97977296
111  50.43701545 -004.97969383 3
111  50.43727618 -004.98037232
111  50.43739107 -004.98069529 3
111  50.43774108 -004.98161279
111  50.43785217 -004.98191687 3
111  50.43821186 -004.98286244
111  50.43833868 -004.98319619 3
111  50.43868732 -004.98411564
111  50.43881154 -004.98445017 3
115  50.43915970 -004.98538841
120 Linear Feature 18
111  50.43500738 -004.97943838 3
111  50.43511127 -004.97907980
111  50.43532704 -004.97832759 4
111  50.43534435 -004.97867522
111  50.43596675 -004.97878976 6
115  50.43604017 -004.97847511
120 Linear Feature 17
111  50.44390985 -004.99797684 1
111  50.44386965 -004.99812707
112  50.44386965 -004.99812707  50.44385894 -004.99816250 1
111  50.44387932 -004.99823575
111  50.44378054 -004.99798043 1
112  50.44391189 -004.99797045  50.44396389 -004.99785397
111  50.44391189 -004.99797045
112  50.44391189 -004.99797045  50.44392298 -004.99794403 1
112  50.44391749 -004.99788414  50.44391443 -004.99783791 1
111  50.44392766 -004.99777786 1
111  50.44437664 -004.99607457
112  50.44437664 -004.99607457  50.44446718 -004.99585703 1
116  50.44455891 -004.99620704  50.44451636 -004.99635093
120 Linear Feature 16
111  50.43915476 -004.99527505 6
111  50.43914798 -004.99495306
111  50.43950089 -004.99524938 4
115  50.43949227 -004.99492741
120 Linear Feature 15
111  50.44046308 -004.99517771 3
111  50.43883892 -004.99529861 3
111  50.43893334 -004.99554943
111  50.43866149 -004.99482354 3
111  50.43872268 -004.99498486 3
111  50.44014041 -004.99487894 3
116  50.44029989 -004.99474165  50.44035238 -004.99460358
120 Linear Feature 14
111  50.44259618 -004.99452593 3
111  50.44284764 -004.99515990
111  50.44262438 -004.99522356 3
112  50.44239131 -004.99502621  50.44224907 -004.99503472
111  50.44239131 -004.99502621 3
111  50.44128387 -004.99511476
112  50.44128387 -004.99511476  50.44106352 -004.99512994 3
111  50.44099004 -004.99534201
111  50.44080100 -004.99482474 3
111  50.44242326 -004.99469065 3
111  50.44233630 -004.99445854
111  50.44207548 -004.99471961 6
111  50.44208244 -004.99505081
111  50.44159606 -004.99475899 4
115  50.44160019 -004.99508904
120 Linear Feature 13
111  50.44547147 -005.00167482 20
111  50.44537234 -005.00141272
111  50.44513901 -005.00079224 20
111  50.44476094 -004.99977793
111  50.44422053 -004.99816926 20
111  50.44395383 -004.99749194
111  50.44442245 -004.99611470 20
115  50.44401644 -004.99765074
120 Linear Feature 12
111  50.44575841 -005.00296061 3
111  50.44545299 -005.00216964 3
111  50.44543239 -005.00203572 3
111  50.44514496 -005.00127511
111  50.44509060 -005.00113447 3
111  50.44468684 -005.00007071
111  50.44479720 -005.00023078
112  50.44479720 -005.00023078  50.44507139 -005.00029864 8
111  50.44496358 -005.00068766
111  50.44491618 -005.00053437 8
111  50.44525327 -005.00003246
111  50.44550090 -005.00106368
112  50.44550090 -005.00106368  50.44550686 -005.00129768 8
112  50.44530489 -005.00199160  50.44512905 -005.00258246
111  50.44530489 -005.00199160
111  50.44511929 -005.00149073 8
111  50.44553058 -005.00153425 8
112  50.44581908 -005.00176462  50.44586006 -005.00189449 8
111  50.44584038 -005.00216617 8
111  50.44564316 -005.00284618
111  50.44547999 -005.00238672 8
115  50.44584448 -005.00241842
120 Linear Feature 11
111  50.44604307 -005.00315257 3
111  50.44607657 -005.00290452 3
111  50.44615729 -005.00286121 3
111  50.44619319 -005.00275565 3
115  50.44620068 -005.00267512
120 Linear Feature 10
111  50.44711633 -005.00498836 21
111  50.44695071 -005.00525634 21
111  50.44691374 -005.00557210
111  50.44686744 -005.00544905 21
111  50.44689451 -005.00521671 21
111  50.44693580 -005.00509242 21
111  50.44699957 -005.00466814
111  50.44680851 -005.00424604 21
111  50.44665659 -005.00447011 21
111  50.44661735 -005.00478461
111  50.44656861 -005.00465524 21
111  50.44660268 -005.00441908 21
111  50.44664282 -005.00429779 21
111  50.44670653 -005.00381631 20
112  50.44670303 -005.00372844  50.44668755 -005.00368726
111  50.44670303 -005.00372844 20
111  50.44663833 -005.00355338
111  50.44658693 -005.00341993 21
111  50.44652518 -005.00342606 21
111  50.44635572 -005.00368099 21
111  50.44631761 -005.00398830
111  50.44626972 -005.00386080 21
111  50.44630025 -005.00366580 21
111  50.44634809 -005.00347880 21
115  50.44639915 -005.00312584
120 Linear Feature 9
111  50.44724187 -005.00525045 20
111  50.44723950 -005.00516278 20
111  50.44722639 -005.00512691 20
111  50.44715820 -005.00510085 20
111  50.44711633 -005.00498836 20
111  50.44699957 -005.00466814 20
111  50.44688530 -005.00435937 20
111  50.44686356 -005.00438262 20
111  50.44680851 -005.00424604 20
111  50.44682186 -005.00414297 20
111  50.44670653 -005.00381631 20
111  50.44665106 -005.00367246
112  50.44665106 -005.00367246  50.44663070 -005.00362131 20
111  50.44663833 -005.00355338 20
111  50.44658693 -005.00341993 20
111  50.44657319 -005.00334001 20
111  50.44653503 -005.00325530 20
111  50.44648261 -005.00320895 20
111  50.44639915 -005.00312584 20
111  50.44632638 -005.00289728
112  50.44632638 -005.00289728  50.44631315 -005.00285652 20
111  50.44634419 -005.00282376 20
111  50.44631824 -005.00277102 20
111  50.44628363 -005.00281737 20
111  50.44627345 -005.00278860 20
111  50.44627396 -005.00267751 20
115  50.44620068 -005.00267512
120 Linear Feature 8
111  50.44708025 -005.00619662 20
111  50.44629055 -005.00410160
111  50.44725494 -005.00543244 20
111  50.44726018 -005.00572866 20
111  50.44712667 -005.00613786 20
111  50.44601175 -005.00317560 20
111  50.44603842 -005.00318174 20
111  50.44604307 -005.00315257 20
111  50.44588081 -005.00271880 20
111  50.44582795 -005.00254118
111  50.44567486 -005.00227948 20
111  50.44579545 -005.00260724 20
111  50.44593730 -005.00298655 20
115  50.44601120 -005.00317598
120 Linear Feature 7
111  50.44728543 -005.00760933 6
111  50.44746015 -005.00744163
111  50.44723065 -005.00688986 3
111  50.44699517 -005.00625780
111  50.44694805 -005.00639533 1
111  50.44708924 -005.00544999 1
112  50.44709427 -005.00556602  50.44710644 -005.00561897
111  50.44709427 -005.00556602
112  50.44709427 -005.00556602  50.44714662 -005.00576986 1
112  50.44675157 -005.00587286  50.44650022 -005.00553178
111  50.44675157 -005.00587286
111  50.44665707 -005.00562180 1
111  50.44679815 -005.00469398 1
112  50.44680598 -005.00479420  50.44681783 -005.00485064
111  50.44680598 -005.00479420
112  50.44680598 -005.00479420  50.44687807 -005.00507685 1
112  50.44646129 -005.00510069  50.44626486 -005.00478103
111  50.44646129 -005.00510069
111  50.44636228 -005.00483727 1
111  50.44649194 -005.00390898 1
112  50.44649866 -005.00402414  50.44651043 -005.00408622
111  50.44649866 -005.00402414
112  50.44649866 -005.00402414  50.44657107 -005.00424876 1
112  50.44616399 -005.00431002  50.44597666 -005.00396576
111  50.44616399 -005.00431002
111  50.44606755 -005.00405329 1
111  50.44620253 -005.00311958 1
112  50.44621204 -005.00321804  50.44622238 -005.00326946
111  50.44621204 -005.00321804
112  50.44621204 -005.00321804  50.44627571 -005.00344563 1
116  50.44586955 -005.00352677  50.44562949 -005.00318575
120 Linear Feature 6
111  50.44694400 -005.01113713 3
111  50.44720321 -005.01120300
111  50.44751353 -005.01118546 4 104
115  50.44761942 -005.01146058
120 Linear Feature 5
112  50.44020555 -004.99503373  50.44053264 -004.99486058 1 101
111  50.44040401 -004.99443176 1 101
111  50.44025770 -004.99403826
111  50.44083955 -004.99558251 1 101
111  50.44069189 -004.99519113 1 101
112  50.44046836 -004.99501458  50.44031416 -004.99502337
111  50.44046836 -004.99501458 1 101
111  50.44020555 -004.99503373 1 101
111  50.43950204 -004.99508443 1 101
115  50.43754370 -004.99522385
120 Linear Feature 3
111  50.44267456 -004.99503680 1 101
111  50.43692688 -004.97979172 1 101
112  50.43533771 -004.97851540  50.43419990 -004.97859414
111  50.43533771 -004.97851540
112  50.43533771 -004.97851540  50.43510936 -004.97853612 1 101
111  50.43481225 -004.97868590 1 101
112  50.43471104 -004.97924807  50.43486944 -004.97966460
111  50.43471104 -004.97924807 1 101
115  50.43491209 -004.97978310
120 Linear Feature 2
111  50.44496090 -005.00110966 1 101
111  50.44387932 -004.99823575 1 101
111  50.44378054 -004.99798043 1 101
111  50.44267456 -004.99503680 1 101
112  50.44247636 -004.99485896  50.44236182 -004.99486068
111  50.44247636 -004.99485896 1 101
111  50.44160130 -004.99492148 1 105
111  50.44105148 -004.99496575 1 105
112  50.44086921 -004.99561451  50.44100904 -004.99615483
111  50.44086921 -004.99561451 1 105
111  50.44099975 -004.99596161
111  50.44042831 -004.99443881 1 105
111  50.44056748 -004.99480719
112  50.44056748 -004.99480719  50.44063491 -004.99498937 1 105
111  50.44078485 -004.99498509 1 105
115  50.44105148 -004.99496575
120 Linear Feature 1
111  50.44679550 -005.01135108 1 105
111  50.44687000 -005.01154180
112  50.44687000 -005.01154180  50.44698691 -005.01184750 1 105
111  50.44724255 -005.01162136 1 105
111  50.44756583 -005.01131537 1 101
111  50.44762775 -005.01125396 1 101
112  50.44793988 -005.00903373  50.44751893 -005.00754694
111  50.44793988 -005.00903373 1 101
111  50.44496090 -005.00110966 1 101
112  50.44449636 -005.00119065  50.44428409 -005.00169900
111  50.44449636 -005.00119065 1 101
111  50.44421526 -005.00224795 1 105
111  50.44406088 -005.00282439 1 105
111  50.44390775 -005.00342891
112  50.44390775 -005.00342891  50.44387881 -005.00355267 1 105
111  50.44392566 -005.00371810 1 105
111  50.44412159 -005.00424815
111  50.44345700 -005.00248076 1 105
111  50.44360785 -005.00288083
112  50.44360785 -005.00288083  50.44383015 -005.00325019 1 105
116  50.44406088 -005.00282439  50.44409228 -005.00271223
21  50.44617987 -005.00728438 2 120.5900 3.0 12  PAPI-4L
21  50.43684170 -004.98741367 2 300.6100 3.0 30  PAPI-4L
20  50.44287242 -004.99443176 2.5642 0 3 {@R}C3
20  50.44315235 -004.99516208 2.5642 0 3 {@R}C3
20  50.44762379 -005.00725492 302.6505 0 3 {@L}A2{@R}30-12
20  50.44712373 -005.00774956 302.6505 0 3 {@L}A2{@R}30-12
20  50.44473993 -005.00148744 249.7701 0 3 {@L}B2{@R}30-12
20  50.44433081 -005.00112165 249.7701 0 3 {@L}B2{@R}30-12
20  50.44211448 -004.99537774 186.5360 0 3 {@L}C2{@R}30-12
20  50.44202191 -004.99429244 171.5408 0 3 {@L}C2{@R}30-12
20  50.43591328 -004.97909336 171.5408 0 3 {@L}A3{@R}30-12
20  50.43611477 -004.97818362 134.2136 0 3 {@L}A3{@R}30-12
20  50.43532822 -004.97802948 163.4924 0 3 {@L}A4{@R}30-12
20  50.43545511 -004.97893633 200.9494 0 3 {@L}A4{@R}30-12
20  50.44159768 -004.99444654 167.2870 0 3 {@L}C1{@R}30-12
20  50.43917788 -004.99556226 354.6860 0 3 {@L}E2{@R}12-30
20  50.43914851 -004.99462484 11.0971 0 3 {@L}E2{@R}12-30
20  50.43949108 -004.99460025 11.0971 0 3 {@L}E1{@R}12-30
20  50.43952436 -004.99552845 354.8764 0 3 {@L}E1{@R}12-30
20  50.44161887 -004.99538294 190.9992 0 3 {@L}C1{@R}30-12
20  50.44395562 -005.00206651 236.8474 0 3 {@L}B1{@R}30-12
20  50.44449662 -005.00241860 264.5910 0 3 {@L}B1{@R}30-12
20  50.44743378 -005.01091572 214.2893 0 3 {@L}A1{@R}30-12
20  50.44766090 -005.01155347 227.6137 0 3 {@L}A1{@R}30-12
14  50.44511190 -004.99932506 101.71 0 New Tower Viewpoint 30
1300  50.44439008 -004.99730451 156.07 tie_down props General Aviation
1300  50.44447462 -004.99697772 156.07 tie_down props General Aviation
1300  50.43971884 -004.99907587  69.24 tie_down helos Helicopters
1300  50.43711285 -004.99597106 247.20 misc jets|turboprops South Side
1300  50.43743252 -004.99622665 247.20 misc jets|turboprops South Side
1300  50.44711273 -005.00531538  76.11 gate heavy|jets|turboprops Airliners
1300  50.44621917 -005.00297894  76.45 gate heavy|jets|turboprops Airliners
1300  50.44681578 -005.00459385  76.45 gate heavy|jets|turboprops Airliners
19  50.43997334 -004.99619673 1 WS
19  50.44484829 -005.00912296 1 WS
19  50.43664797 -004.98734604 1 WS
50 12740 Newquay Information
53 12195 Newquay Ground
54 12792 Newquay Radar
54 13437 Newquay Tower
55 13340 Newquay Approach
1200 
1201  50.44008293 -004.99904254 both 0 E_start
1201  50.43718331 -004.99524659 both 1 E_stop
1201  50.44431432 -004.99713780 both 2 B_stop
1201  50.44455891 -004.99620704 both 3 B_stop
1201  50.44450730 -004.99598473 both 4 B_stop
1201  50.44437664 -004.99607457 both 5 B_stop
1201  50.44392766 -004.99777786 both 6 B_stop
1201  50.44391189 -004.99797045 both 7 B_stop
1201  50.44454811 -005.00099934 both 8 B_stop
1201  50.43606538 -004.97861125 both 9 A_stop
1201  50.43680828 -004.97947513 both 10 A_stop
1201  50.44802737 -005.00927418 both 11 A_stop
1201  50.44496090 -005.00110966 both 12 A_stop(split)
1201  50.44385613 -004.99817493 both 13 A_stop(split)(split)
1201  50.44260607 -004.99485408 both 14 A_stop(split)(split)
1201  50.44805846 -005.01023418 both 15 A_stop
1201  50.44781556 -005.01106106 both 16 A_stop
1201  50.44756494 -005.01131832 both 17 A_stop
1201  50.44421463 -005.00224793 both 18 B_stop
1201  50.44406199 -005.00282253 both 19 B_stop
1201  50.44160130 -004.99492148 both 20 C_stop
1201  50.43915539 -004.99510946 both 21 E_stop
1201  50.43863835 -004.99514615 both 22 E_stop(split)
1201  50.43533771 -004.97851540 both 23 A_stop
1201  50.43481225 -004.97868590 both 24 A_stop
1201  50.43459464 -004.97896662 both 25 N_stop
1201  50.44697983 -005.01185702 both 26 N_start
1201  50.44370517 -005.00315427 both 27 N_start(split)
1201  50.44063249 -004.99500203 both 28 N_start(split)
1201  50.43950204 -004.99508443 both 29 N_start(split)(split)
1202 0 22 twoway taxiway E
1202 21 22 twoway taxiway E
1202 22 1 twoway taxiway E
1202 29 21 twoway taxiway E
1202 3 2 twoway taxiway B
1202 4 3 twoway taxiway B
1202 5 4 twoway taxiway B
1202 6 5 twoway taxiway B
1202 7 6 twoway taxiway B
1202 13 7 twoway taxiway B
1202 20 14 twoway taxiway C
1202 8 12 twoway taxiway B
1202 18 8 twoway taxiway B
1202 9 23 twoway taxiway A
1202 10 9 twoway taxiway A
1202 11 12 twoway taxiway A
1202 12 13 twoway taxiway A
1202 13 14 twoway taxiway A
1202 14 10 twoway taxiway A
1202 15 11 twoway taxiway A
1202 16 15 twoway taxiway A
1202 17 16 twoway taxiway A
1202 26 17 twoway taxiway A
1204 departure 12
1204 arrival 30
1202 19 18 twoway taxiway B
1204 arrival 12,30
1202 27 19 twoway taxiway B
1204 arrival 12,30
1202 28 20 twoway taxiway C
1204 arrival 12,30
1202 28 29 twoway taxiway E
1204 departure 12,30
1204 arrival 12,30
1202 29 21 twoway taxiway E
1204 departure 12,30
1204 arrival 12,30
1202 24 23 twoway taxiway A
1204 departure 30
1204 arrival 12
1202 25 24 twoway taxiway A
1204 departure 30
1204 arrival 12
1202 26 27 twoway runway 12/30
1202 27 28 twoway runway 12/30
1204 departure 12,30
1204 arrival 12,30
1204 ils 12,30
1202 28 25 twoway runway 12/30
1204 departure 12,30
1204 arrival 12,30
1204 ils 12,30
99
