I
1000 Generated by WorldEditor

1    276 1 0 EGJJ Jersey
100 46.02 1 0 0.00 1 3 0 09  49.20699471 -002.20692947   61    0 5 3 1 1 27  49.20893263 -002.18365915   92    0 5 4 1 1
110 5 0.00 0.0000 New Taxiway 14
111  49.20658091 -002.18323335
111  49.20662521 -002.18322410
111  49.20663311 -002.18329447
113  49.20658926 -002.18330667
110 5 0.00 0.0000 New Taxiway 14
111  49.20660259 -002.18341879
111  49.20664689 -002.18340954
111  49.20665479 -002.18347991
113  49.20661094 -002.18349211
110 5 0.00 0.0000 New Taxiway 14
111  49.20662357 -002.18360056
111  49.20666787 -002.18359130
111  49.20667577 -002.18366168
113  49.20663192 -002.18367388
110 5 0.00 0.0000 New Taxiway 14
111  49.20664558 -002.18379042
111  49.20668988 -002.18378117
111  49.20669778 -002.18385154
113  49.20665393 -002.18386374
110 3 0.00 0.0000 Aeroclub Grass Parking
111  49.20700984 -002.18441062
111  49.20672783 -002.18411549
111  49.20671701 -002.18399161
111  49.20662389 -002.18320517
112  49.20636738 -002.18283624  49.20625676 -002.18259223
112  49.20638039 -002.18202454  49.20647800 -002.18181539
111  49.20660809 -002.18170220
111  49.20712217 -002.18174681
111  49.20766706 -002.18152589
111  49.20766316 -002.18271515
111  49.20722472 -002.18319301
113  49.20716883 -002.18395596
110 1 0.00 352.0000 Tax E
111  49.20713077 -002.19597151 102
111  49.20750152 -002.19605098
112  49.20750152 -002.19605098  49.20760152 -002.19606799 102
111  49.20771296 -002.19580042
111  49.20763086 -002.19679120 102
112  49.20749741 -002.19648086  49.20739741 -002.19645365
111  49.20749741 -002.19648086 102
113  49.20709874 -002.19639688
110 1 0.00 292.0000 Tax F
111  49.20755796 -002.18861074 102
111  49.20765348 -002.18895006 102
112  49.20798954 -002.19010871  49.20805577 -002.19034947 102
112  49.20818316 -002.19014881  49.20820479 -002.19005919
111  49.20818316 -002.19014881
111  49.20796856 -002.19273270 102
112  49.20789750 -002.19094059  49.20779730 -002.19031620 102
112  49.20768996 -002.18987356  49.20762329 -002.18963887 102
111  49.20746289 -002.18907118 102
113  49.20737366 -002.18874938
110 2 0.00 23.0000 West Apron
111  49.20489798 -002.20335707
111  49.20454578 -002.20357276
111  49.20416951 -002.20216241
111  49.20450602 -002.20194455
111  49.20454125 -002.20202372
111  49.20457750 -002.20204331
111  49.20493446 -002.20199306
111  49.20535537 -002.20192606
112  49.20535537 -002.20192606  49.20542557 -002.20191097
111  49.20541200 -002.20178153
111  49.20549586 -002.20218920
112  49.20541064 -002.20206539  49.20536191 -002.20206451
111  49.20541064 -002.20206539
111  49.20472259 -002.20216742
111  49.20462369 -002.20222420
113  49.20461068 -002.20227500
110 1 0.00 320.0000 New Taxiway 64
111  49.20223775 -002.19532882
112  49.20223775 -002.19532882  49.20224014 -002.19542496
111  49.20228478 -002.19548461
111  49.20249889 -002.19575536
111  49.20261192 -002.19589718
112  49.20261192 -002.19589718  49.20273131 -002.19604615
111  49.20279690 -002.19616138
111  49.20288359 -002.19632158
111  49.20295730 -002.19640860
112  49.20295730 -002.19640860  49.20297984 -002.19643502
111  49.20302329 -002.19643332
112  49.20327321 -002.19633017  49.20332107 -002.19630478
111  49.20327321 -002.19633017
111  49.20338342 -002.19621091
111  49.20358563 -002.19612637
111  49.20360531 -002.19624161
111  49.20359382 -002.19631389
111  49.20353857 -002.19634629
111  49.20356735 -002.19650960
111  49.20350768 -002.19653646
111  49.20347258 -002.19633339
112  49.20340518 -002.19632695  49.20334902 -002.19636602
111  49.20340518 -002.19632695
111  49.20339676 -002.19630331
112  49.20329076 -002.19640860  49.20326587 -002.19641642
111  49.20329076 -002.19640860
111  49.20306331 -002.19649456
111  49.20304435 -002.19659448
111  49.20314061 -002.19669052
111  49.20318018 -002.19676085
111  49.20327718 -002.19677452
111  49.20329441 -002.19660652
111  49.20336780 -002.19661922
111  49.20335121 -002.19679113
111  49.20340099 -002.19680187
111  49.20350565 -002.19678038
111  49.20351522 -002.19686731
111  49.20342214 -002.19701485
111  49.20341356 -002.19708943
111  49.20342188 -002.19709134
111  49.20334877 -002.19771403
111  49.20336650 -002.19771724
111  49.20334866 -002.19787584
111  49.20350665 -002.19791485
111  49.20353978 -002.19755213
111  49.20358310 -002.19755603
111  49.20360094 -002.19741952
112  49.20360094 -002.19741952  49.20345211 -002.19751622
111  49.20341535 -002.19726075
111  49.20343445 -002.19709711
111  49.20354354 -002.19686730
111  49.20369785 -002.19681009
112  49.20373294 -002.19680205  49.20374780 -002.19680056
111  49.20373294 -002.19680205
112  49.20370055 -002.19686410  49.20369612 -002.19689799
111  49.20370055 -002.19686410
111  49.20362874 -002.19752122
111  49.20363105 -002.19758031
111  49.20368433 -002.19758622
111  49.20364499 -002.19793536
111  49.20372306 -002.19795208
111  49.20371647 -002.19800959
111  49.20374082 -002.19801625
111  49.20372859 -002.19811899
111  49.20370982 -002.19811464
111  49.20370626 -002.19814145
111  49.20368966 -002.19813675
111  49.20367754 -002.19823687
111  49.20302180 -002.19809373
111  49.20297184 -002.19773082
111  49.20293328 -002.19771179
111  49.20284571 -002.19652966
111  49.20290772 -002.19645296
111  49.20276926 -002.19618516
112  49.20249095 -002.19580448  49.20233895 -002.19564230
111  49.20249095 -002.19580448
111  49.20245752 -002.19586795
111  49.20236578 -002.19577565
111  49.20237512 -002.19572624
111  49.20235728 -002.19567684
111  49.20224293 -002.19553179
112  49.20214230 -002.19548853  49.20209436 -002.19549661
113  49.20214230 -002.19548853
111  49.20362594 -002.19720639
111  49.20365901 -002.19689649
112  49.20364915 -002.19687252  49.20363581 -002.19687252
111  49.20364915 -002.19687252
112  49.20358881 -002.19691603  49.20356444 -002.19696043
111  49.20358881 -002.19691603
111  49.20348380 -002.19711404
111  49.20346930 -002.19724635
112  49.20346930 -002.19724635  49.20346582 -002.19727743
111  49.20352964 -002.19735024
114  49.20357779 -002.19733781  49.20360738 -002.19730762
110 2 0.00 83.0000 Tax A
111  49.20665928 -002.19135371 102
111  49.20702762 -002.18693201 102
111  49.20720370 -002.18482767
111  49.20722933 -002.18454965 102
111  49.20731355 -002.18354280 102
112  49.20743570 -002.18317829  49.20755864 -002.18298314 102
111  49.20771043 -002.18300730 102
112  49.20805915 -002.18302821  49.20817535 -002.18307587 102
111  49.20823057 -002.18313087 102
111  49.20864277 -002.18352584 102
111  49.20872803 -002.18361733
111  49.20864398 -002.18463747 102
112  49.20839142 -002.18399011  49.20813986 -002.18373767
111  49.20839142 -002.18399011
112  49.20839142 -002.18399011  49.20828938 -002.18389504 102
112  49.20809718 -002.18394266  49.20800005 -002.18398404 102
111  49.20788967 -002.18408778 102
112  49.20741372 -002.18480983  49.20738367 -002.18512672
111  49.20741372 -002.18480983
112  49.20741372 -002.18480983  49.20739870 -002.18496828 102
111  49.20723264 -002.18696992 102
111  49.20714853 -002.18808339 102
112  49.20730625 -002.18829177  49.20745292 -002.18832918
111  49.20730625 -002.18829177
112  49.20730625 -002.18829177  49.20748403 -002.18832918 102
111  49.20755796 -002.18861074
111  49.20737366 -002.18874938 102
112  49.20725062 -002.18861632  49.20717729 -002.18861292
111  49.20725062 -002.18861632
112  49.20725062 -002.18861632  49.20715507 -002.18861292 102
111  49.20706772 -002.18890082 102
113  49.20686199 -002.19139939
112  49.20800053 -002.18332911  49.20790962 -002.18331983 102
111  49.20767463 -002.18331122
112  49.20767463 -002.18331122  49.20765038 -002.18331122 102
112  49.20751908 -002.18354313  49.20750695 -002.18366373
111  49.20751908 -002.18354313 102
111  49.20746763 -002.18416089 102
112  49.20803039 -002.18355663  49.20814756 -002.18351952 102
113  49.20825282 -002.18353126 102
110 2 0.00 30.0000 Cargo Apron
111  49.20460983 -002.19040750
111  49.20491530 -002.19116612
111  49.20460595 -002.19144714
111  49.20454098 -002.19206049
112  49.20441414 -002.19228913  49.20439372 -002.19243565
111  49.20441414 -002.19228913
112  49.20431061 -002.19233863  49.20430825 -002.19236979
111  49.20431061 -002.19233863
111  49.20426307 -002.19210673
111  49.20425226 -002.19206063
111  49.20419203 -002.19202872
111  49.20419203 -002.19201808
111  49.20404377 -002.19191171
111  49.20404422 -002.19188526
113  49.20376600 -002.19117347
110 1 0.00 0.0000 Tax J Link
111  49.20429222 -002.19379397
111  49.20414819 -002.19385405
111  49.20418752 -002.19359856
111  49.20431061 -002.19233863
112  49.20431061 -002.19233863  49.20431296 -002.19230747
111  49.20441414 -002.19228913
112  49.20441414 -002.19228913  49.20443456 -002.19214262
111  49.20454098 -002.19206049
111  49.20446071 -002.19285987
111  49.20457292 -002.19348953
113  49.20425916 -002.19362209
110 1 0.00 353.0000 Tax D
111  49.20626241 -002.20082344 102
112  49.20630818 -002.20081791  49.20633433 -002.20082155
111  49.20630818 -002.20081791 102
111  49.20688612 -002.20092967
112  49.20688612 -002.20092967  49.20698566 -002.20095937 102
112  49.20711480 -002.20077237  49.20717850 -002.20064818
111  49.20711480 -002.20077237 102
111  49.20732879 -002.20034429
111  49.20721889 -002.20164157 102
112  49.20698146 -002.20129155  49.20676570 -002.20124331
111  49.20698146 -002.20129155 102
111  49.20647953 -002.20118176
113  49.20623881 -002.20113411
110 2 0.00 16.0000 New Taxiway 2
111  49.20614093 -002.20643881 102
111  49.20614201 -002.20597844
112  49.20614201 -002.20597844  49.20615042 -002.20567954 102
112  49.20603216 -002.20493109  49.20599566 -002.20473876
111  49.20603216 -002.20493109 102
111  49.20549586 -002.20218920
111  49.20541200 -002.20178153 102
111  49.20503270 -002.19986110 102
111  49.20502420 -002.19980520
111  49.20497069 -002.19948408
111  49.20520004 -002.19951528
111  49.20519919 -002.19961539
111  49.20527733 -002.20001192 102
111  49.20537842 -002.20052676
112  49.20537842 -002.20052676  49.20541409 -002.20069577 102
111  49.20552452 -002.20068277 102
111  49.20626241 -002.20082344
111  49.20623881 -002.20113411 102
111  49.20580186 -002.20105222 102
112  49.20557462 -002.20151252  49.20565602 -002.20193647
111  49.20557462 -002.20151252 102
111  49.20621987 -002.20480182
112  49.20621987 -002.20480182  49.20624585 -002.20493936 102
111  49.20629727 -002.20533195 102
112  49.20631985 -002.20556695  49.20632732 -002.20571282
111  49.20631985 -002.20556695 102
111  49.20634453 -002.20604332 102
113  49.20634855 -002.20643881
110 2 0.00 352.0000 New Taxiway 1
111  49.20718108 -002.20696267 102
112  49.20690871 -002.20720651  49.20668362 -002.20735911 102
112  49.20615018 -002.20655837  49.20610291 -002.20584101
111  49.20615018 -002.20655837 102
111  49.20614093 -002.20643881
111  49.20634855 -002.20643881
112  49.20634855 -002.20643881  49.20634517 -002.20687896 102
112  49.20679462 -002.20657096  49.20684190 -002.20628307
111  49.20679462 -002.20657096
111  49.20682957 -002.20640892
113  49.20679161 -002.20688655
130 Airport Boundary 64
111  49.20879010 -002.20160306
111  49.20889139 -002.20227616
111  49.20879954 -002.20301583
111  49.20908836 -002.20451552
111  49.20912836 -002.20569613
111  49.20903424 -002.20667526
111  49.20905079 -002.20823403
111  49.20908565 -002.20863272
111  49.20892101 -002.20897263
111  49.20855168 -002.20882395
111  49.20829506 -002.20833520
111  49.20802638 -002.20794906
111  49.20771148 -002.20850905
111  49.20699149 -002.20866506
111  49.20656601 -002.20858485
111  49.20610617 -002.20823822
111  49.20568233 -002.20822084
111  49.20549906 -002.20807961
111  49.20549438 -002.20703182
111  49.20559322 -002.20621735
111  49.20581810 -002.20504624
111  49.20582797 -002.20477567
111  49.20515182 -002.20472611
111  49.20467893 -002.20481807
111  49.20412294 -002.20472352
111  49.20390055 -002.20472352
111  49.20312325 -002.20507755
111  49.20335465 -002.20421379
111  49.20311674 -002.20415547
111  49.20327263 -002.20338096
111  49.20339943 -002.20205212
111  49.20309415 -002.20037311
111  49.20302578 -002.19955197
111  49.20334590 -002.19929820
111  49.20359690 -002.19895702
111  49.20354474 -002.19805337
111  49.20308406 -002.19791997
111  49.20307686 -002.19754967
111  49.20316828 -002.19678917
111  49.20290147 -002.19628115
111  49.20229055 -002.19544567
111  49.20252548 -002.19492129
111  49.20258092 -002.19307496
111  49.20262710 -002.19138775
111  49.20288210 -002.19052687
111  49.20345519 -002.18995624
111  49.20403012 -002.18986395
111  49.20457515 -002.18997679
111  49.20511878 -002.19014951
111  49.20557176 -002.19022751
111  49.20593828 -002.19004994
111  49.20637160 -002.19001212
111  49.20651079 -002.18943850
111  49.20670765 -002.18745557
111  49.20657833 -002.18614821
111  49.20633123 -002.18436949
111  49.20623156 -002.18311767
111  49.20627193 -002.18199188
111  49.20660547 -002.18169190
111  49.20712442 -002.18173217
111  49.20786656 -002.18142211
111  49.20854775 -002.18095660
111  49.20859224 -002.17916517
111  49.20871168 -002.17887016
111  49.20848763 -002.17767378
111  49.20917707 -002.17746814
111  49.20957958 -002.17815538
111  49.21086892 -002.18002750
111  49.21087796 -002.18042584
111  49.21046779 -002.18048764
111  49.21060946 -002.18250979
111  49.21085902 -002.18252617
111  49.21090436 -002.18324607
111  49.21088127 -002.18349064
111  49.21090847 -002.18362930
111  49.21027835 -002.18411971
111  49.21031376 -002.18435419
111  49.21017126 -002.18604102
111  49.21006255 -002.18623012
111  49.21014327 -002.18649487
111  49.21027176 -002.18638896
111  49.21078902 -002.18764967
111  49.20991263 -002.18852209
111  49.20952057 -002.18929362
111  49.20971660 -002.19108007
111  49.20978248 -002.19284004
111  49.20975694 -002.19462647
111  49.20957162 -002.19480299
111  49.20947277 -002.19476137
111  49.20931050 -002.19488995
113  49.20929980 -002.19517488
120 Linear Feature 7
111  49.20635035 -002.19496308 3
111  49.20633771 -002.19492893 3
112  49.20619561 -002.19498398  49.20609600 -002.19495444
111  49.20619561 -002.19498398 3
111  49.20604967 -002.19493576 3
111  49.20594128 -002.19498569 3
111  49.20593218 -002.19509573 3
112  49.20576725 -002.19523166  49.20565192 -002.19520093
111  49.20576725 -002.19523166 3
111  49.20572316 -002.19518706 3
112  49.20559209 -002.19517139  49.20549369 -002.19518645 3
115  49.20543543 -002.19510693
120 Linear Feature 3
112  49.20581792 -002.19294952  49.20581561 -002.19284455 22
111  49.20579351 -002.19271898 22
112  49.20579282 -002.19256423  49.20580261 -002.19246985
111  49.20579282 -002.19256423 22
111  49.20584721 -002.19200283 22
111  49.20601443 -002.19144050 22
115  49.20601456 -002.19124399
120 Linear Feature 2
111  49.20602863 -002.19377144 20
111  49.20598691 -002.19381120 20
111  49.20603178 -002.19406484 20
111  49.20608610 -002.19425100 20
115  49.20612555 -002.19420648
120 Linear Feature 11
111  49.20578304 -002.19494801 3
111  49.20562581 -002.19501549
112  49.20562581 -002.19501549  49.20555851 -002.19504302 3
111  49.20549876 -002.19495955
112  49.20549876 -002.19495955  49.20548831 -002.19493824 21
112  49.20547653 -002.19487296  49.20546455 -002.19482564 21
111  49.20544733 -002.19476063 20
112  49.20550918 -002.19467696  49.20553699 -002.19464614
111  49.20550918 -002.19467696
112  49.20550918 -002.19467696  49.20552907 -002.19465208 20
111  49.20557687 -002.19464513 20
111  49.20550103 -002.19462633
111  49.20570754 -002.19464597 22
112  49.20557687 -002.19464513  49.20554241 -002.19463883
111  49.20557687 -002.19464513
111  49.20579740 -002.19449150 22
111  49.20587709 -002.19459319
112  49.20587709 -002.19459319  49.20592150 -002.19466247 20
112  49.20593498 -002.19478052  49.20593781 -002.19485587 20
111  49.20591292 -002.19491553
111  49.20603893 -002.19486842 2
111  49.20610288 -002.19485113 2
111  49.20622902 -002.19486598
112  49.20622902 -002.19486598  49.20630651 -002.19486026 22
111  49.20630301 -002.19475923
112  49.20630301 -002.19475923  49.20629803 -002.19459681 22
111  49.20626844 -002.19453739
112  49.20626844 -002.19453739  49.20619637 -002.19432881 22
115  49.20611016 -002.19437310
120 Linear Feature 10
111  49.20583758 -002.19133164 20
111  49.20552271 -002.19146984 20
111  49.20511821 -002.19164620
112  49.20511821 -002.19164620  49.20488206 -002.19189329 20
111  49.20496599 -002.19216878 20
111  49.20501330 -002.19243053 20
111  49.20511605 -002.19297958 22
111  49.20514417 -002.19312979 20
111  49.20516706 -002.19326072 20
111  49.20511715 -002.19314835 22
111  49.20498649 -002.19244207
111  49.20501330 -002.19243053 20
111  49.20493687 -002.19216024 20
116  49.20511821 -002.19164620  49.20538240 -002.19143678
120 Linear Feature 9
111  49.20513968 -002.19343818 22
111  49.20490493 -002.19216862
112  49.20490493 -002.19216862  49.20485246 -002.19177328 22
111  49.20507929 -002.19162076 20
111  49.20554533 -002.19140893 22
111  49.20575666 -002.19132470
112  49.20575666 -002.19132470  49.20589550 -002.19126787 20
111  49.20597974 -002.19106862 20
111  49.20619694 -002.19060139
111  49.20620509 -002.19076079 20
111  49.20608562 -002.19102348 20
111  49.20617537 -002.19073851 22
111  49.20599708 -002.19113579 20
112  49.20583758 -002.19133164  49.20574190 -002.19140962
111  49.20583758 -002.19133164
112  49.20583758 -002.19133164  49.20597261 -002.19126508 20
111  49.20603710 -002.19112372 20
115  49.20608562 -002.19102348
120 Linear Feature 8
112  49.20605889 -002.19114177  49.20597362 -002.19136384 21
111  49.20579672 -002.19140327 20
111  49.20551241 -002.19151994 20
111  49.20539212 -002.19157518 20
111  49.20514445 -002.19168580
112  49.20514445 -002.19168580  49.20498027 -002.19175773 20
111  49.20498476 -002.19209533 20
111  49.20514615 -002.19297029
111  49.20519252 -002.19320743 20
111  49.20524859 -002.19353896
111  49.20526141 -002.19360123 20
111  49.20539479 -002.19431790
112  49.20539479 -002.19431790  49.20544183 -002.19462520 20
111  49.20562997 -002.19458008 22
112  49.20580594 -002.19457994  49.20588062 -002.19460526
111  49.20580594 -002.19457994
112  49.20580594 -002.19457994  49.20600642 -002.19481391 22
111  49.20581947 -002.19498421 22
111  49.20560847 -002.19507934
112  49.20560847 -002.19507934  49.20549035 -002.19513124 22
111  49.20544307 -002.19493895 22
111  49.20514344 -002.19331662
111  49.20516706 -002.19326072 20
111  49.20538348 -002.19442890 20
111  49.20540706 -002.19454193
111  49.20542144 -002.19453386
112  49.20542144 -002.19453386  49.20539650 -002.19448923 20
115  49.20538348 -002.19442890
120 Linear Feature 1
111  49.20698016 -002.18455738 6
115  49.20703662 -002.18443840
120 Linear Feature 13
111  49.20388672 -002.19947951 20
111  49.20390167 -002.19925216 20
111  49.20371256 -002.19921680 20
111  49.20390964 -002.19672233
112  49.20390964 -002.19672233  49.20391529 -002.19665432 20
111  49.20387161 -002.19659572 20
111  49.20412606 -002.19648537
111  49.20411579 -002.19642795 20
111  49.20383273 -002.19654789 20
111  49.20374333 -002.19646215 20
111  49.20371343 -002.19629159 20
111  49.20376305 -002.19613971 20
111  49.20404264 -002.19601815
111  49.20403215 -002.19595980 20
111  49.20375191 -002.19608315 20
111  49.20366153 -002.19599497 20
111  49.20363103 -002.19582495 20
111  49.20367885 -002.19567453 20
111  49.20395966 -002.19555314
111  49.20394858 -002.19549138 20
111  49.20366723 -002.19561466 20
111  49.20357617 -002.19552611 20
111  49.20354297 -002.19535583 20
111  49.20359295 -002.19520180 20
111  49.20387600 -002.19508480
111  49.20386532 -002.19502483 20
111  49.20358178 -002.19514370 20
111  49.20348817 -002.19505304 20
111  49.20345586 -002.19488251 20
111  49.20350515 -002.19473543 20
111  49.20379191 -002.19461434
111  49.20378114 -002.19455348 20
111  49.20349479 -002.19467394 20
111  49.20339828 -002.19458518 20
111  49.20336929 -002.19441211 20
111  49.20342148 -002.19426377 20
115  49.20370858 -002.19414665
120 Linear Feature 12
111  49.20367773 -002.19406272 21
111  49.20419539 -002.19384288
111  49.20418634 -002.19394456 21
111  49.20370858 -002.19414665 20
111  49.20417719 -002.19677184 20
111  49.20404198 -002.19867077
112  49.20404198 -002.19867077  49.20400969 -002.19922917 20
112  49.20450896 -002.19946660  49.20466314 -002.19946783
111  49.20450896 -002.19946660 20
111  49.20479298 -002.19951406
112  49.20479298 -002.19951406  49.20480841 -002.19951549 20
111  49.20481062 -002.19955203 20
115  49.20483221 -002.19966283
120 Linear Feature 7
111  49.20604082 -002.19187203 20
111  49.20606287 -002.19229479
112  49.20606287 -002.19229479  49.20607447 -002.19249196 20
111  49.20620621 -002.19255723
111  49.20623764 -002.19252516 20
111  49.20644383 -002.19245512
112  49.20644383 -002.19245512  49.20649990 -002.19243470 20
111  49.20648573 -002.19231926 20
111  49.20644604 -002.19209269 20
111  49.20639937 -002.19163584
111  49.20621382 -002.19168352 20
111  49.20623745 -002.19191616 20
111  49.20642611 -002.19189887
111  49.20631541 -002.19261097 2
111  49.20645542 -002.19255700
112  49.20645542 -002.19255700  49.20651944 -002.19253337 2
111  49.20654614 -002.19264136
111  49.20654104 -002.19332796 20
111  49.20662374 -002.19377014 20
111  49.20654545 -002.19380465
111  49.20666114 -002.19389451 20
111  49.20638220 -002.19401718 20
111  49.20645186 -002.19447767 20
115  49.20661567 -002.19440859
120 Linear Feature 6
111  49.20486059 -002.19868532 20
111  49.20557306 -002.19880206 20
111  49.20563110 -002.19874386 20
111  49.20566045 -002.19834158 21
111  49.20537893 -002.19829461 20
111  49.20524351 -002.19834566 20
111  49.20523084 -002.19852332 20
111  49.20527087 -002.19853251 20
111  49.20525535 -002.19875015
111  49.20566765 -002.19827915 20
111  49.20570253 -002.19781631 21
111  49.20544644 -002.19777026 20
111  49.20532022 -002.19793312 20
111  49.20530922 -002.19808025 20
111  49.20541415 -002.19823412 21
111  49.20566765 -002.19827915
111  49.20570650 -002.19774967 20
111  49.20573757 -002.19727866 21
111  49.20546742 -002.19723110 20
111  49.20536668 -002.19729860 20
111  49.20534714 -002.19753948 20
111  49.20545389 -002.19771131 21
111  49.20570650 -002.19774967
111  49.20548775 -002.19717115 21
111  49.20574428 -002.19721477 20
111  49.20577096 -002.19680821 21
111  49.20565028 -002.19672653 21
111  49.20550231 -002.19669590 20
111  49.20540224 -002.19676273 20
111  49.20538102 -002.19700685 20
111  49.20548775 -002.19717115
111  49.20581826 -002.19668383 20
111  49.20588740 -002.19639423 21
111  49.20576065 -002.19615382 21
111  49.20561571 -002.19607678 21
111  49.20548229 -002.19608421 20
111  49.20542226 -002.19633854 20
111  49.20549806 -002.19657152 21
111  49.20566301 -002.19666063 21
111  49.20581826 -002.19668383
111  49.20576215 -002.19693770 20
111  49.20594709 -002.19646669 20
111  49.20641123 -002.19606714 20
111  49.20648097 -002.19593997 20
111  49.20661567 -002.19440859 20
111  49.20670002 -002.19345728 20
115  49.20654641 -002.19264187
120 Linear Feature 5
111  49.20430071 -002.19328438 20
111  49.20425811 -002.19378091 20
111  49.20452584 -002.19367141
111  49.20429086 -002.19378668 20
111  49.20414977 -002.19384463
111  49.20457295 -002.19390958 20
111  49.20451507 -002.19386005 21
111  49.20424427 -002.19397797 20
111  49.20428183 -002.19432634 20
111  49.20438575 -002.19490864 21
111  49.20466745 -002.19478975
111  49.20484814 -002.19483237 20
111  49.20477585 -002.19486291 20
111  49.20457137 -002.19472459 20
111  49.20442017 -002.19390143
111  49.20439536 -002.19496637 21
111  49.20466100 -002.19485477 20
111  49.20478115 -002.19494803 20
111  49.20481676 -002.19513560 20
111  49.20474247 -002.19531007 21
111  49.20447751 -002.19541905 20
111  49.20439536 -002.19496637
111  49.20475309 -002.19537151 20
111  49.20487615 -002.19546804 20
111  49.20491038 -002.19565456 20
111  49.20483747 -002.19582432 21
111  49.20457114 -002.19593959 20
111  49.20448830 -002.19548323 21
111  49.20475309 -002.19537151
111  49.20458237 -002.19599581 21
111  49.20484604 -002.19588696 20
111  49.20496958 -002.19597936 20
111  49.20500444 -002.19616893 20
111  49.20492757 -002.19634517 21
111  49.20473182 -002.19642614 21
111  49.20466398 -002.19644281 20
111  49.20458237 -002.19599581
111  49.20496876 -002.19646116 20
111  49.20507189 -002.19661014 20
111  49.20507811 -002.19678385 20
111  49.20498822 -002.19695185 21
111  49.20474798 -002.19696897 21
111  49.20469041 -002.19696263 20
111  49.20469952 -002.19682886 20
111  49.20469206 -002.19662092 20
111  49.20467466 -002.19650110 21
111  49.20473845 -002.19648335 21
111  49.20496876 -002.19646116
111  49.20468598 -002.19702914 21
111  49.20476754 -002.19702635 21
111  49.20496346 -002.19705704 20
111  49.20505185 -002.19722719 20
111  49.20503773 -002.19741479 20
111  49.20492428 -002.19755077 21
111  49.20464907 -002.19750126 20
111  49.20468598 -002.19702914
111  49.20492134 -002.19761003 20
111  49.20501105 -002.19777189 20
111  49.20499702 -002.19796597 20
111  49.20488726 -002.19809637 21
111  49.20460959 -002.19805111 20
111  49.20464618 -002.19756093 21
111  49.20492134 -002.19761003
111  49.20460088 -002.19815113 21
111  49.20489803 -002.19819202 20
111  49.20501414 -002.19836662 20
111  49.20500229 -002.19855142 20
111  49.20486059 -002.19868532 20
111  49.20461592 -002.19864347 20
111  49.20457081 -002.19857164 20
115  49.20460088 -002.19815113
120 Linear Feature 4
111  49.20645138 -002.19164974 20
111  49.20650061 -002.19210428 20
111  49.20674902 -002.19344429 20
111  49.20653576 -002.19597640 20
111  49.20643802 -002.19614747 20
111  49.20602203 -002.19650189 20
111  49.20583942 -002.19698189 20
111  49.20570411 -002.19885905 20
111  49.20566721 -002.19891093 20
111  49.20458109 -002.19872654 20
111  49.20451107 -002.19859406 20
111  49.20464150 -002.19683817
112  49.20464150 -002.19683817  49.20465181 -002.19668781 20
111  49.20463059 -002.19659220 20
111  49.20422481 -002.19434189
112  49.20422481 -002.19434189  49.20418678 -002.19412952 20
111  49.20418634 -002.19394456
111  49.20418400 -002.19383067 20
111  49.20420402 -002.19357230 20
111  49.20426747 -002.19288856 20
111  49.20461982 -002.19274005 20
111  49.20470836 -002.19251636 20
112  49.20484788 -002.19118266  49.20483922 -002.19116034
111  49.20484788 -002.19118266 20
111  49.20461361 -002.19058606 20
112  49.20454766 -002.19055899  49.20450914 -002.19059322
111  49.20454766 -002.19055899 20
115  49.20379574 -002.19124995
120 Linear Feature 3
111  49.20400261 -002.19443743 1
112  49.20396317 -002.19359623  49.20400111 -002.19324908
111  49.20396317 -002.19359623 1
111  49.20411331 -002.19205321 1
112  49.20420210 -002.19184319  49.20428369 -002.19177399
111  49.20420210 -002.19184319
112  49.20420210 -002.19184319  49.20432118 -002.19172590 1
111  49.20423358 -002.19149357 1
111  49.20398567 -002.19132601
111  49.20368851 -002.19216787 1
111  49.20399173 -002.19218272
112  49.20399173 -002.19218272  49.20407906 -002.19218736 1
111  49.20408391 -002.19235580
111  49.20375791 -002.19297556 1
111  49.20392732 -002.19301360
112  49.20392732 -002.19301360  49.20399448 -002.19302818 1
115  49.20400472 -002.19316863
120 Linear Feature 2
112  49.20428750 -002.19850663  49.20437790 -002.19811006 51
111  49.20460020 -002.19839716 51
111  49.20490399 -002.19844233
111  49.20433053 -002.19791413
112  49.20433053 -002.19791413  49.20444134 -002.19750981 51
111  49.20467864 -002.19781580 51
111  49.20496842 -002.19786253
111  49.20437138 -002.19735597
112  49.20437138 -002.19735597  49.20448549 -002.19696693 51
111  49.20472859 -002.19726740 51
111  49.20502293 -002.19731761
111  49.20440694 -002.19686162
112  49.20440694 -002.19686162  49.20449018 -002.19651624 51
112  49.20476897 -002.19672593  49.20486069 -002.19671749
111  49.20476897 -002.19672593 51
111  49.20499000 -002.19670905
111  49.20436927 -002.19649199
112  49.20436927 -002.19649199  49.20437273 -002.19605733 51
111  49.20468511 -002.19620209 51
111  49.20498703 -002.19607630
111  49.20434955 -002.19637960
112  49.20434955 -002.19637960  49.20430910 -002.19615335 51
111  49.20412905 -002.19620327 51
111  49.20374704 -002.19636652
111  49.20427709 -002.19597706
112  49.20427709 -002.19597706  49.20427466 -002.19553060 51
112  49.20458780 -002.19568667  49.20464584 -002.19566012
111  49.20458780 -002.19568667 51
111  49.20489398 -002.19556044
111  49.20426567 -002.19591213
112  49.20426567 -002.19591213  49.20422093 -002.19567312 51
111  49.20404621 -002.19573430 51
111  49.20364706 -002.19590644
111  49.20418675 -002.19546996
112  49.20418675 -002.19546996  49.20416767 -002.19504879 51
112  49.20446417 -002.19518033  49.20449926 -002.19516422
111  49.20446417 -002.19518033 51
111  49.20479833 -002.19504760
111  49.20418675 -002.19546996
112  49.20418675 -002.19546996  49.20413578 -002.19522196 51
111  49.20391022 -002.19529037 51
111  49.20357392 -002.19543213
111  49.20409826 -002.19497348
112  49.20409826 -002.19497348  49.20406055 -002.19476808 51
111  49.20423248 -002.19461307 51
111  49.20451083 -002.19449325
111  49.20409826 -002.19497348
112  49.20409826 -002.19497348  49.20405472 -002.19473984 51
111  49.20389522 -002.19479741 51
111  49.20347470 -002.19497261
111  49.20400261 -002.19443743
112  49.20400261 -002.19443743  49.20397298 -002.19427868 51
111  49.20379338 -002.19433372 51
115  49.20338596 -002.19450247
120 Linear Feature 1
111  49.20633792 -002.19668534 51
112  49.20604716 -002.19658408  49.20589140 -002.19646902
111  49.20604716 -002.19658408
112  49.20604716 -002.19658408  49.20618912 -002.19670684 51
111  49.20616735 -002.19692100 51
112  49.20597682 -002.19702244  49.20584951 -002.19699169
111  49.20597682 -002.19702244 51
111  49.20592297 -002.19700803
111  49.20597682 -002.19702244
112  49.20597682 -002.19702244  49.20610413 -002.19705318 51
111  49.20610414 -002.19727533
111  49.20609883 -002.19734923 51
112  49.20588531 -002.19754231  49.20569987 -002.19750932
111  49.20588531 -002.19754231
112  49.20588531 -002.19754231  49.20607126 -002.19757606 51
111  49.20606659 -002.19779417
111  49.20605972 -002.19788812 51
112  49.20584766 -002.19807428  49.20568090 -002.19805057
111  49.20584766 -002.19807428
112  49.20584766 -002.19807428  49.20601442 -002.19809660 51
111  49.20602690 -002.19834171
111  49.20602177 -002.19841145 51
112  49.20580699 -002.19860395  49.20562556 -002.19857480
111  49.20580699 -002.19860395
112  49.20580699 -002.19860395  49.20598842 -002.19863387 51
115  49.20598826 -002.19887443
120 Linear Feature 77
111  49.20731091 -002.18482285 51 101
111  49.20703582 -002.18805222 51 101
111  49.20697551 -002.18875300 51 101
111  49.20676141 -002.19135760
112  49.20676141 -002.19135760  49.20671310 -002.19195383 51 101
111  49.20681422 -002.19235869 51 101
111  49.20702912 -002.19350364
112  49.20702912 -002.19350364  49.20710135 -002.19389059 51 101
111  49.20705276 -002.19431068 51 101
111  49.20690110 -002.19568514
112  49.20690110 -002.19568514  49.20684882 -002.19614257 51 101
111  49.20656871 -002.19649674 51 101
111  49.20628229 -002.19673063
112  49.20628229 -002.19673063  49.20615210 -002.19683710 51 101
111  49.20611310 -002.19715183 51 101
111  49.20598826 -002.19887443
112  49.20598826 -002.19887443  49.20595556 -002.19930346 51 101
111  49.20567142 -002.19929956 51 101
111  49.20536991 -002.19925002 51 101
111  49.20485617 -002.19917090 51 101
111  49.20453580 -002.19911034
112  49.20453580 -002.19911034  49.20425891 -002.19906658 51 101
111  49.20427542 -002.19867080 51 101
111  49.20440694 -002.19686162 51 101
112  49.20439360 -002.19662897  49.20437198 -002.19652024
111  49.20439360 -002.19662897 51 101
115  49.20400261 -002.19443743
120 Linear Feature 76
111  49.20688897 -002.18278854 1
111  49.20696140 -002.18438485
112  49.20696140 -002.18438485  49.20696248 -002.18443125 1
111  49.20697754 -002.18445954
111  49.20689068 -002.18436983
112  49.20689068 -002.18436983  49.20694860 -002.18439717 1
111  49.20695837 -002.18431743
111  49.20651347 -002.18327057 1
111  49.20659476 -002.18400567 1
112  49.20667885 -002.18415011  49.20673950 -002.18421066
111  49.20667885 -002.18415011 1
111  49.20720940 -002.18469921
112  49.20720940 -002.18469921  49.20727125 -002.18475792 1
111  49.20734804 -002.18463074
111  49.20729897 -002.18496281 1
116  49.20720940 -002.18469921  49.20713260 -002.18462385
120 Linear Feature 75
111  49.20880329 -002.18504369 51 101
111  49.20883562 -002.18462490
112  49.20883562 -002.18462490  49.20886542 -002.18396361 51 101
111  49.20840781 -002.18376638 51 101
111  49.20824240 -002.18373021 51 101
112  49.20786309 -002.18389392  49.20771398 -002.18406143
111  49.20786309 -002.18389392 51 101
111  49.20745890 -002.18438503 51 101
112  49.20731091 -002.18482285  49.20729169 -002.18506858
111  49.20731091 -002.18482285 51 101
111  49.20741289 -002.18358174
112  49.20741289 -002.18358174  49.20743696 -002.18325928 51 101
111  49.20769022 -002.18316105 51 101
111  49.20794019 -002.18316105 51 101
112  49.20817400 -002.18327716  49.20826429 -002.18336239 51 101
111  49.20877220 -002.18384443 51 101
112  49.20888412 -002.18413568  49.20887181 -002.18430738
111  49.20888412 -002.18413568
111  49.20877220 -002.18384443 51 101
115  49.20840781 -002.18376638
120 Linear Feature 74
111  49.20803009 -002.19428223 51 101
111  49.20811628 -002.19326877 51 101
112  49.20779343 -002.18983263  49.20733676 -002.18818942
111  49.20779343 -002.18983263 51 101
111  49.20747040 -002.18869418
112  49.20747040 -002.18869418  49.20740245 -002.18845661 51 101
111  49.20725582 -002.18844096
112  49.20725582 -002.18844096  49.20704290 -002.18840189 51 101
111  49.20697551 -002.18875300
111  49.20703582 -002.18805222 51 101
116  49.20725582 -002.18844096  49.20746874 -002.18848004
120 Linear Feature 73
112  49.20748110 -002.19625794  49.20771174 -002.19629947 51 101
112  49.20780332 -002.19702282  49.20778070 -002.19731528
111  49.20780332 -002.19702282 51 101
111  49.20773774 -002.19782924
111  49.20798534 -002.19483372 51 101
111  49.20791072 -002.19570763
112  49.20791072 -002.19570763  49.20789376 -002.19591184 51 101
112  49.20748110 -002.19625794  49.20725046 -002.19621641
111  49.20748110 -002.19625794 51 101
111  49.20710687 -002.19618352
112  49.20710687 -002.19618352  49.20685925 -002.19613370 51 101
111  49.20690110 -002.19568514
111  49.20656871 -002.19649674 51 101
116  49.20710687 -002.19618352  49.20732884 -002.19621283
120 Linear Feature 72
111  49.20735630 -002.20235069 51 101
111  49.20739994 -002.20182554 51 101
112  49.20709145 -002.20114450  49.20674133 -002.20104242
111  49.20709145 -002.20114450 51 101
111  49.20688927 -002.20109693
112  49.20688927 -002.20109693  49.20710267 -002.20110330 51 101
111  49.20720582 -002.20086509 51 101
111  49.20744207 -002.20037910
112  49.20744207 -002.20037910  49.20753972 -002.20017616 51 101
111  49.20755945 -002.19994608 51 101
111  49.20763469 -002.19904319
111  49.20688927 -002.20109693 51 101
111  49.20552657 -002.20084999
112  49.20552657 -002.20084999  49.20536581 -002.20082313 51 101
111  49.20529192 -002.20063230
111  49.20545417 -002.20144357
112  49.20545417 -002.20144357  49.20543790 -002.20122502 51 101
112  49.20574734 -002.20089095  49.20590738 -002.20092221
111  49.20574734 -002.20089095
111  49.20549919 -002.20167759 1
112  49.20537944 -002.20199304  49.20524844 -002.20203335
111  49.20537944 -002.20199304
112  49.20537944 -002.20199304  49.20554085 -002.20196320 1
111  49.20559262 -002.20214432
111  49.20537944 -002.20199304 1
111  49.20477934 -002.20208512 1
112  49.20463332 -002.20213777  49.20457155 -002.20217677
111  49.20463332 -002.20213777 1
111  49.20426262 -002.20238128 1
115  49.20457459 -002.20353599
120 Linear Feature 71
111  49.20708054 -002.20576666 51 101
111  49.20700771 -002.20660274
112  49.20700771 -002.20660274  49.20671602 -002.20737280 51 101
112  49.20624815 -002.20645422  49.20622554 -002.20598211
111  49.20624815 -002.20645422 51 101
112  49.20619827 -002.20539169  49.20614861 -002.20487117
111  49.20619827 -002.20539169
112  49.20619827 -002.20539169  49.20617720 -002.20512682 51 101
111  49.20612047 -002.20482165 51 101
111  49.20559262 -002.20214432 51 101
111  49.20549919 -002.20167759 51 101
111  49.20545417 -002.20144357 51 101
111  49.20529192 -002.20063230 51 101
111  49.20512043 -002.19975202 51 101
112  49.20537177 -002.19924977  49.20565115 -002.19924405
111  49.20537177 -002.19924977
111  49.20485787 -002.19917140
112  49.20485787 -002.19917140  49.20504842 -002.19920248 51 101
115  49.20512043 -002.19975202
120 Hold G
111  49.20800053 -002.18332911 4
115  49.20805915 -002.18302821
120 Hold A1
111  49.20809718 -002.18394266 4
115  49.20803039 -002.18355663
120 Hold A2
111  49.20723264 -002.18696992 6
115  49.20702762 -002.18693201
120 Hold F
111  49.20746289 -002.18907118 4
115  49.20765348 -002.18895006
120 Hold A3
111  49.20686199 -002.19139939 6
115  49.20665928 -002.19135371
120 Hold E
111  49.20702982 -002.19638784 4
115  49.20707573 -002.19588602
120 Hold A4
111  49.20643387 -002.19682860 6
111  49.20631430 -002.19648472 6
115  49.20615900 -002.19638503
120 Hold K
111  49.20407630 -002.19328517 6
111  49.20391499 -002.19324694
111  49.20375714 -002.19306643 6
111  49.20377361 -002.19288669
111  49.20383107 -002.19226711 6
115  49.20385005 -002.19210204
120 Hold J2
111  49.20380214 -002.19466214 6
111  49.20390310 -002.19447212 6
111  49.20409452 -002.19439285 6
115  49.20423314 -002.19446271
120 Hold J3
111  49.20423134 -002.19327460 6
115  49.20430071 -002.19328438
120 Hold A5
111  49.20544389 -002.19940013 6
111  49.20546386 -002.19912655 6
115  49.20556046 -002.19895022
120 Hold J1
111  49.20457561 -002.19947756 6
111  49.20468672 -002.19927709 6
111  49.20470224 -002.19899482 6
115  49.20463359 -002.19879523
120 Hold B3
111  49.20536738 -002.19964915 6
111  49.20519865 -002.19962409 6
111  49.20501538 -002.19969974 6
115  49.20498730 -002.19974069
120 Hold D
111  49.20647953 -002.20118176 4
115  49.20650536 -002.20085661
120 Hold M
111  49.20518421 -002.20209852 6
115  49.20517884 -002.20195459
120 Hold B2
111  49.20609598 -002.20538477 6
115  49.20629727 -002.20533195
120 Hold B1
111  49.20614093 -002.20643881 4
115  49.20634517 -002.20643690
21  49.20693963 -002.20169757 3 82.7200 3.0 09  PAPI-4R
21  49.20797747 -002.20175429 2 82.7200 3.0 09  PAPI-4L
21  49.20895013 -002.18919929 3 262.7400 3.0 27  PAPI-4R
20  49.20387077 -002.19324535 257.1793 0 3 {@L}J3
20  49.20410033 -002.19329010 73.0771 0 3 {@L}J3
20  49.20385460 -002.19452921 284.9765 0 3 {@L}J2
20  49.20416407 -002.19443716 79.6521 0 3 {@L}J2
20  49.20458619 -002.19952247 178.7834 0 3 {@L}J1
20  49.20455127 -002.19952990 331.5804 0 3 {@L}J1
20  49.20516038 -002.20190459 183.5995 0 3 {@L}M
20  49.20518749 -002.20215287 4.5921 0 3 {@L}M
20  49.20538602 -002.19961893 262.5829 0 3 {@L}B3
20  49.20495745 -002.19974608 324.3834 0 3 {@L}B3
20  49.20496909 -002.19975796 140.1477 0 3 {@L}B3
20  49.20538867 -002.19964691 71.6181 0 3 {@L}B3
20  49.20545173 -002.19944498 184.6269 0 3 {@L}A5
20  49.20544079 -002.19944274 337.3740 0 3 {@L}A5
20  49.20644552 -002.19687880 23.2204 0 3 {@L}A4
20  49.20645877 -002.19686866 220.7894 0 3 {@L}A4
20  49.20660472 -002.19133359 251.9700 0 3 {@L}A3
20  49.20692346 -002.19142255 73.9403 0 3 {@L}A3
20  49.20729447 -002.18698081 273.4986 0 3 {@L}A2
20  49.20696814 -002.18691613 88.1450 0 3 {@L}A2
20  49.20704991 -002.18440042 139.0784 0 3 {@L}H
20  49.20696434 -002.18458367 317.6586 0 3 {@L}H
20  49.20806675 -002.18297311 349.4114 0 3 {@L}G{@R}08-26
20  49.20780190 -002.18355965 52.1680 0 3 {@L}A1{@R}08-26
20  49.20810555 -002.18410908 357.7001 0 3 {@L}A1{@R}08-26
20  49.20769366 -002.18891648 303.7544 0 3 {@L}F{@R}08-26
20  49.20741668 -002.18912845 291.1334 0 3 {@L}F{@R}08-26
20  49.20711809 -002.19571985 5.1414 0 3 {@L}E{@R}08-26
20  49.20702013 -002.19663528 343.2233 0 3 {@L}E{@R}08-26
20  49.20641047 -002.20530410 296.5852 0 3 {@L}B2{@R}08-26
20  49.20598294 -002.20543019 282.8367 0 3 {@L}B2{@R}08-26
20  49.20649033 -002.20127010 342.7073 0 3 {@L}D{@R}08-26
20  49.20651533 -002.20072247 17.5700 0 3 {@L}D{@R}08-26
14  49.20436175 -002.19317829 104.99 0 Tower Viewpoint
1300  49.20667310 -002.18382319 185.05 misc props|helos Aeroclub
1300  49.20674835 -002.18193073 264.75 misc props|helos Aeroclub Grass
15  49.20459268 -002.19080578 124.09 Cargo Apron
1300  49.20551322 -002.19747281 171.75 misc jets North Apron
1300  49.20678875 -002.19467603 -97.03 misc jets|turboprops|helos Stand 31
19  49.20920208 -002.19050879 1 Windsock
19  49.20845593 -002.20043385 1 Windsock
50 12972 Jersey Information
53 12190 Jersey Ground
54 11945 Jersey Tower
55 12030 Jersey Approach
99
