I
1000 Generated by WorldEditor

1    117 1 0 EGSH Norwich
1302 city Norwich
1302 country United Kingdom
1302 datum_lat 52.675833333
1302 datum_lon 1.282777778
1302 faa_code 
1302 iata_code NWI
1302 icao_code EGSH
1302 region_code EG
1302 state England
1302 transition_alt 5000
1302 transition_level 
100 45.11 1 0 0.00 1 3 0 09  52.67583268  001.26905297    0    0 4 10 0 0 27  52.67603432  001.29627229    0    0 5 3 0 0
110 2 0.00 86.0000 New Taxiway 6
111  52.67085205  001.28190652 21
111  52.67081911  001.28137699
111  52.67076884  001.28068362
111  52.67080319  001.28054924
111  52.67078801  001.28022248
111  52.67073369  001.28004462
111  52.67067217  001.27914605
112  52.67067217  001.27914605  52.67066929  001.27908573 21
111  52.67072969  001.27900244
111  52.67061480  001.27886521 21
111  52.67063357  001.27915079
111  52.67078163  001.28138873 21
113  52.67081333  001.28184360
110 2 0.00 89.3000 Twy N
111  52.67937329  001.29250248
111  52.67880153  001.29190771
112  52.67880852  001.29414380  52.67880852  001.29519456
112  52.67776314  001.29599720  52.67740155  001.29599720
111  52.67776314  001.29599720
111  52.67646193  001.29602936
111  52.67646215  001.29625003
112  52.67778217  001.29621821  52.67828446  001.29619630
112  52.67894669  001.29419524  52.67895643  001.29314980
111  52.67894669  001.29419524
112  52.67894669  001.29419524  52.67895372  001.29278952
112  52.67895372  001.29278952  52.67896075  001.29138381
111  52.67895372  001.29278952
114  52.67895372  001.29278952  52.67905949  001.29223776
110 2 0.00 0.0000 East Pen Off B conc
111  52.67761300  001.29066386
111  52.67764497  001.29090735
111  52.67746685  001.29097282
111  52.67727913  001.29078760
111  52.67725207  001.29047283
111  52.67740296  001.29044207
111  52.67706203  001.29008430
111  52.67715021  001.29076438
111  52.67723087  001.29110866
111  52.67733503  001.29118322
111  52.67756022  001.29115944
113  52.67794197  001.29100948
110 2 0.00 89.3000 Twy N between B and C conc
111  52.67879601  001.28796809
112  52.67879769  001.28985232  52.67879769  001.29003126
112  52.67857500  001.28995516  52.67853641  001.28989322
111  52.67842973  001.28971185
111  52.67837281  001.28980908
111  52.67853649  001.29007379
111  52.67849869  001.29007904
111  52.67849754  001.29013821
111  52.67853753  001.29014293
111  52.67837485  001.29039921
111  52.67843380  001.29049980
112  52.67858423  001.29025838  52.67861970  001.29020332
112  52.67879878  001.29035752  52.67880087  001.29053474
111  52.67880153  001.29164727
111  52.67894927  001.29180066
113  52.67893630  001.28813834
110 2 0.00 0.0000 East Pen Off B conc
111  52.67940621  001.29259961
111  52.67940311  001.29275528
111  52.67935847  001.29277001
111  52.67937633  001.29299583
113  52.67964501  001.29287352
110 2 0.00 36.4000 East Pen Off B conc
111  52.68018281  001.29361606
111  52.68021981  001.29349932
111  52.67999558  001.29326200
111  52.68001327  001.29340455
111  52.67993913  001.29341930
111  52.67969002  001.29355611
111  52.67959949  001.29378715
111  52.67974726  001.29478550
111  52.67987593  001.29487091
111  52.68029555  001.29475824
111  52.68047823  001.29467202
111  52.68052107  001.29452127
111  52.68051026  001.29413517
113  52.68047607  001.29389120
111  52.67994523  001.29421859
111  52.67978199  001.29425916
111  52.67975292  001.29393459
111  52.67985579  001.29368378
111  52.68004810  001.29361370
113  52.68008611  001.29386451
110 2 0.00 36.4000 Conc block next to disused 22
111  52.68313836  001.29324479
111  52.68144657  001.29119922
111  52.68153024  001.29211964
112  52.68283868  001.29369512  52.68291901  001.29378598
111  52.68291594  001.29395013
113  52.68310594  001.29350911
110 1 0.00 36.4000 Twy B
111  52.67618270  001.28922567
112  52.67622729  001.28922052  52.67625508  001.28925107
111  52.67706203  001.29008430
111  52.67740296  001.29044207
111  52.67761300  001.29066386
111  52.67794197  001.29100948
111  52.67880153  001.29190771
111  52.67937329  001.29250248
111  52.67940621  001.29259961
111  52.67964501  001.29287352
111  52.67972951  001.29287586
111  52.67998976  001.29316878
111  52.67999558  001.29326200
111  52.68021981  001.29349932
111  52.68018281  001.29361606
111  52.68047607  001.29389120
111  52.68063900  001.29384572
112  52.68160675  001.29484308  52.68217027  001.29542956
111  52.68160675  001.29484308
112  52.68160675  001.29484308  52.68189410  001.29510497
112  52.68241162  001.29500560  52.68268249  001.29485727
112  52.68303975  001.29410233  52.68322717  001.29366352
111  52.68303975  001.29410233
112  52.68303975  001.29410233  52.68331843  001.29344971
111  52.68331843  001.29344971
111  52.68313836  001.29324479
111  52.68310594  001.29350911
112  52.68291594  001.29395013  52.68272594  001.29439115
111  52.68291594  001.29395013
112  52.68291594  001.29395013  52.68277514  001.29431000
112  52.68166529  001.29463289  52.68093630  001.29405010
111  52.68166529  001.29463289
112  52.68166529  001.29463289  52.68105034  001.29398740
111  52.67894927  001.29180066
111  52.67880153  001.29164727
111  52.67747362  001.29024236
111  52.67625458  001.28896923
113  52.67617838  001.28873116
110 2 0.00 89.3000 Twy N conc section to disused north
111  52.68072797  001.28520315
112  52.68067877  001.28535800  52.68061371  001.28534458
111  52.68067877  001.28535800
112  52.68067877  001.28535800  52.68064624  001.28535129
112  52.67976011  001.28548815  52.67936625  001.28572791
112  52.67905780  001.28637332  52.67904482  001.28643630
111  52.67905780  001.28637332
112  52.67905780  001.28637332  52.67903184  001.28649928
112  52.67892515  001.28639779  52.67892515  001.28622900
112  52.67891914  001.28270043  52.67892040  001.28242770
112  52.67909522  001.28253875  52.67912425  001.28258456
111  52.67909522  001.28253875
112  52.67909522  001.28253875  52.67889019  001.28187031
112  52.67877262  001.28065366  52.67876722  001.28013985
111  52.67877262  001.28065366
111  52.67879111  001.28715853
111  52.67893430  001.28733610
112  52.67988850  001.28567248  52.68063854  001.28534847
113  52.68123558  001.28581542
110 1 0.00 30.0000 Disused North East
111  52.68067301  001.28513829
111  52.68072797  001.28520315
111  52.68123558  001.28581542
112  52.68355897  001.28865555  52.68425889  001.28952239
112  52.68385414  001.29188311  52.68348741  001.29274257
111  52.68385414  001.29188311
112  52.68385414  001.29188311  52.68355002  001.29257289
112  52.68355002  001.29257289  52.68324590  001.29326266
111  52.68355002  001.29257289
112  52.68355002  001.29257289  52.68349412  001.29268724
111  52.68335562  001.29271037
111  52.68355274  001.29294592
112  52.68401583  001.29185944  52.68446565  001.29078704
111  52.68401583  001.29185944
112  52.68401583  001.29185944  52.68449025  001.29072065
112  52.68370139  001.28855892  52.68320049  001.28793922
113  52.68075298  001.28493788
110 1 0.00 125.1300 Disused Twy North West
111  52.67603547  001.26942313
112  52.67612318  001.26928190  52.67618514  001.26925351
111  52.67715119  001.26884268
111  52.67773426  001.26860730
111  52.67795793  001.26883581
111  52.67812124  001.26844473
112  52.68070379  001.26736952  52.68134776  001.26711513
112  52.68171476  001.26879245  52.68180062  001.26958035
111  52.68171476  001.26879245
112  52.68171476  001.26879245  52.68172215  001.26889305
111  52.68159529  001.26895192
111  52.67822700  001.27036873
111  52.67808739  001.27042171
111  52.67719601  001.27079919
111  52.67604629  001.27128029
111  52.67605332  001.27194142
111  52.67729149  001.27142108
111  52.67830904  001.27098873
111  52.67844325  001.27094130
111  52.68167863  001.26959143
112  52.68184693  001.26961374  52.68185505  001.26968515
112  52.68189996  001.26997256  52.68195300  001.27033139
112  52.68176008  001.27087364  52.68161640  001.27117310
111  52.68176008  001.27087364
112  52.68176008  001.27087364  52.68158934  001.27085177
111  52.68158934  001.27085177
111  52.68144350  001.27102359
111  52.68144052  001.27126415
111  52.68122325  001.27155870
111  52.68108931  001.27153906
111  52.68094050  001.27171089
111  52.68093454  001.27196617
111  52.68073215  001.27225582
111  52.68062798  001.27224600
111  52.68042261  001.27256019
111  52.68041963  001.27264365
112  52.67949399  001.27391508  52.67927647  001.27421349
112  52.67893308  001.27507352  52.67872342  001.27565521
111  52.67869453  001.27671961
112  52.67877262  001.28065366  52.67878342  001.28168127
111  52.67877262  001.28065366
112  52.67877262  001.28065366  52.67877802  001.28116747
112  52.67909522  001.28253875  52.67930025  001.28320720
112  52.67999997  001.28432724  52.68040178  001.28481325
111  52.67999997  001.28432724
112  52.67999997  001.28432724  52.68067301  001.28513829
111  52.68067301  001.28513829
111  52.68075298  001.28493788
112  52.68000923  001.28404409  52.67948703  001.28341445
112  52.67890691  001.28065961  52.67888531  001.27944786
112  52.67884542  001.27674859  52.67884135  001.27603441
112  52.67904840  001.27516827  52.67914598  001.27482962
112  52.67958015  001.27406544  52.67985662  001.27369326
112  52.68182989  001.27105028  52.68208153  001.27070663
112  52.68204758  001.26995683  52.68202323  001.26974707
112  52.68179472  001.26822435  52.68165611  001.26729156
112  52.68064781  001.26714817  52.68016916  001.26735546
111  52.67712573  001.26863026
111  52.67612682  001.26905066
113  52.67603123  001.26905521
110 2 0.00 0.0000 Pens On Disused North West
111  52.68158934  001.27085177
111  52.68132581  001.27078840
111  52.68109852  001.27081072
111  52.68101735  001.27094461
111  52.68096594  001.27126594
111  52.68095512  001.27151140
111  52.68076030  001.27147570
111  52.68059525  001.27150694
111  52.68050596  001.27162744
111  52.68043831  001.27210052
111  52.68042261  001.27256019
111  52.68062798  001.27224600
111  52.68057631  001.27221655
111  52.68058984  001.27188629
111  52.68073054  001.27170777
111  52.68094050  001.27171089
111  52.68108931  001.27153906
111  52.68109311  001.27124809
111  52.68126357  001.27100262
113  52.68144350  001.27102359
110 2 0.00 89.3000 Twy N East of D
111  52.67830904  001.27098873
112  52.67861694  001.27199440  52.67868498  001.27223257
112  52.67870550  001.27264665  52.67870689  001.27292147
111  52.67869453  001.27671961
112  52.67893308  001.27507352  52.67914274  001.27449182
111  52.67893308  001.27507352
112  52.67893308  001.27507352  52.67891225  001.27510100
112  52.67883430  001.27501049  52.67883013  001.27490514
112  52.67883694  001.27273810  52.67883694  001.27230527
112  52.67870560  001.27178502  52.67858758  001.27139112
113  52.67844325  001.27094130
110 2 0.00 89.3000 Twy N West of D
111  52.67795793  001.26883581
111  52.67773426  001.26860730
111  52.67715119  001.26884268
112  52.67754948  001.26912045  52.67766942  001.26939539
111  52.67808739  001.27042171
111  52.67822700  001.27036873
114  52.67783096  001.26936572  52.67769882  001.26903714
110 2 0.00 89.3000 09 Edge Conc
111  52.67563026  001.26906981
111  52.67556420  001.26906993 102
111  52.67556491  001.26912512 102
111  52.67528058  001.26938882 102
111  52.67505809  001.26949176
111  52.67508691  001.26971547 102
112  52.67513253  001.26970928  52.67517356  001.26970309 102
112  52.67520833  001.26984817  52.67520833  001.26995140 102
111  52.67521382  001.27162200
111  52.67521583  001.27228827 102
113  52.67565987  001.27284092
110 2 0.00 345.0000 Western Apron Conc
111  52.67303860  001.27033443
111  52.67296345  001.27020759
111  52.67294634  001.27008865
111  52.67296145  001.27004773
111  52.67306518  001.27000291
111  52.67311679  001.27006079
111  52.67313740  001.27021176
111  52.67310595  001.27030964
111  52.67354404  001.27011508
111  52.67353717  001.27007322
111  52.67347159  001.27009629
111  52.67344154  001.27006558
111  52.67342199  001.26991936
111  52.67344008  001.26982307
111  52.67348889  001.26980388
111  52.67375476  001.26987941
111  52.67376515  001.26995316
111  52.67374261  001.27003306
111  52.67419988  001.26985457
111  52.67419039  001.26979213
111  52.67390065  001.26990825
111  52.67384796  001.26985871
111  52.67382697  001.26973292
111  52.67384064  001.26968029
111  52.67408505  001.26957622
111  52.67404500  001.26929776
111  52.67305126  001.26972015
111  52.67271506  001.26986534
111  52.67268187  001.26962768
111  52.67261565  001.26965189
111  52.67255974  001.27018269
111  52.67280509  001.27011395
111  52.67286304  001.27016382
111  52.67288365  001.27028943
111  52.67286751  001.27034831
111  52.67265618  001.27043210
113  52.67266148  001.27047426
110 2 0.00 100.0000 Saxon Air Apron
111  52.67092948  001.27276616
111  52.67077566  001.27275487
111  52.67075322  001.27278097
111  52.67056086  001.27300541
111  52.67056807  001.27302824
111  52.67073666  001.27282661
112  52.67073666  001.27282661  52.67075246  001.27280949
111  52.67078425  001.27281477
111  52.67078050  001.27288297
111  52.67086342  001.27343753
112  52.67086342  001.27343753  52.67109820  001.27334144
111  52.67162440  001.27312482
111  52.67182571  001.27106765
111  52.67175019  001.27109579
111  52.67177029  001.27085607
111  52.67182228  001.27083891
111  52.67182780  001.27078037
111  52.67174449  001.27060532
111  52.67169801  001.27059609
111  52.67166422  001.27061516
111  52.67166063  001.27057456
111  52.67159483  001.27059886
111  52.67159543  001.27062192
112  52.67154641  001.27067391  52.67154044  001.27070282
111  52.67154641  001.27067391
111  52.67137318  001.27075111
112  52.67126349  001.27080120  52.67122619  001.27085042
111  52.67126349  001.27080120
112  52.67126349  001.27080120  52.67121127  001.27081720
111  52.67107510  001.27090728
111  52.67105422  001.27118047
113  52.67106309  001.27124116
110 1 0.00 345.0000 Twy D E and T
111  52.67035944  001.27660519
111  52.67049810  001.27664212
111  52.67052843  001.27638143
111  52.67061200  001.27641626 102
112  52.67060386  001.27628288  52.67060932  001.27623515
111  52.67060386  001.27628288 102
111  52.67078159  001.27490393 102
112  52.67087342  001.27419031  52.67088266  001.27413850 102
112  52.67095277  001.27404881  52.67097864  001.27403662 102
111  52.67449387  001.27258389 102
111  52.67521583  001.27228827
111  52.67521382  001.27162200 102
111  52.67317445  001.27247082
111  52.67300394  001.27254364 102
111  52.67186821  001.27302184 102
112  52.67178634  001.27284175  52.67179408  001.27268379
111  52.67178634  001.27284175 102
111  52.67193827  001.27109894
112  52.67193827  001.27109894  52.67194537  001.27102509 102
111  52.67199318  001.27099627 102
111  52.67207128  001.27096288 102
111  52.67263560  001.27073170 102
111  52.67268701  001.27076740
111  52.67286781  001.27070824
111  52.67287676  001.27076042
111  52.67290347  001.27074783
111  52.67291970  001.27085235
111  52.67302391  001.27081118
111  52.67300115  001.27065151
112  52.67300115  001.27065151  52.67299569  001.27060468
111  52.67303704  001.27056239
111  52.67312842  001.27113371
111  52.67440086  001.27060630
111  52.67435045  001.27016926
112  52.67435045  001.27016926  52.67433790  001.27007008
111  52.67439917  001.26999378 102
111  52.67447078  001.26996151 102
111  52.67508691  001.26971547
111  52.67505809  001.26949176 102
111  52.67443952  001.26975330 102
111  52.67419988  001.26985457
111  52.67374261  001.27003306
111  52.67361919  001.27008107
111  52.67359441  001.27004817
111  52.67353717  001.27007322
111  52.67354404  001.27011508
111  52.67310595  001.27030964
111  52.67303860  001.27033443
111  52.67266148  001.27047426 102
111  52.67203460  001.27073164 102
111  52.67182446  001.27081436
111  52.67182228  001.27083891
111  52.67177029  001.27085607
111  52.67175019  001.27109579
111  52.67182571  001.27106765
111  52.67162440  001.27312482
112  52.67162440  001.27312482  52.67159580  001.27342968
112  52.67137615  001.27360181  52.67122614  001.27367165
111  52.67137615  001.27360181
111  52.67092731  001.27379984
112  52.67092731  001.27379984  52.67069926  001.27389497 102
114  52.67058325  001.27483581  52.67050006  001.27555442 102
110 1 0.00 36.4000 Twy C
111  52.67073095  001.27731332
112  52.67073095  001.27731332  52.67072251  001.27759390
112  52.67059033  001.27798716  52.67049316  001.27824087
111  52.67059033  001.27798716
111  52.67077335  001.27821413
111  52.67084285  001.27806074
111  52.67205520  001.27953938
111  52.67222839  001.27915965 102
114  52.67087114  001.27749907  52.67079980  001.27740578 102
110 1 0.00 141.0700 Disused Rwy south hold block
111  52.67411993  001.28229924
112  52.67414662  001.28236717  52.67417014  001.28239488
111  52.67420962  001.28240789
111  52.67445782  001.28188824
112  52.67440563  001.28179285  52.67438211  001.28175683
113  52.67435697  001.28176397
110 2 0.00 37.0000 Terminal Apron conc
111  52.67063590  001.28147507
112  52.67063590  001.28147507  52.67037371  001.28071085 102
112  52.67050878  001.27873844  52.67074231  001.27788234
111  52.67050878  001.27873844
112  52.67050878  001.27873844  52.67086011  001.27915871
111  52.67085675  001.27915594
111  52.67089432  001.27929030
111  52.67085402  001.27940441
111  52.67093193  001.27949098
111  52.67097019  001.27938560
111  52.67106050  001.27938811
111  52.67141183  001.27981548
111  52.67196557  001.27969053
111  52.67198588  001.27970662
111  52.67205520  001.27953938
111  52.67084285  001.27806074
111  52.67077335  001.27821413
111  52.67059033  001.27798716
112  52.67059033  001.27798716  52.67068750  001.27773345
112  52.67073095  001.27731332  52.67073940  001.27703274 102
112  52.67061200  001.27641626  52.67055427  001.27608903
111  52.67061200  001.27641626
111  52.67052843  001.27638143
111  52.67049810  001.27664212
111  52.67035944  001.27660519
111  52.67033376  001.27680033
111  52.66959587  001.27842448
111  52.66938338  001.27945829
111  52.66938277  001.28053100
111  52.66998237  001.28080958
111  52.67015172  001.28060636
111  52.67037108  001.28108459
113  52.67061861  001.28152271
110 2 0.00 0.0000 Conc Fighter Pens on A
111  52.67309419  001.28496531
111  52.67309732  001.28472876
111  52.67330279  001.28469359
111  52.67346125  001.28491334
111  52.67347419  001.28521913
111  52.67332943  001.28525616
111  52.67362547  001.28564946
111  52.67361768  001.28539715
111  52.67380063  001.28534572
111  52.67397120  001.28557816
111  52.67398843  001.28587570
111  52.67383821  001.28591744
111  52.67415198  001.28631562
111  52.67413436  001.28605413
111  52.67433307  001.28600905
111  52.67449651  001.28624115
111  52.67451286  001.28653475
111  52.67434786  001.28655196
111  52.67467130  001.28697590
111  52.67464833  001.28670140
111  52.67484323  001.28666983
111  52.67502056  001.28690329
111  52.67502786  001.28718533
111  52.67486602  001.28721253
111  52.67519910  001.28763212
111  52.67514324  001.28690832
111  52.67508299  001.28659517
111  52.67500219  001.28647943
111  52.67476681  001.28646304
111  52.67462673  001.28626142
111  52.67456275  001.28592403
111  52.67448157  001.28581809
111  52.67426200  001.28580462
111  52.67410590  001.28560229
111  52.67404610  001.28527798
111  52.67396037  001.28515792
111  52.67373771  001.28514559
111  52.67360687  001.28517467
111  52.67359460  001.28494578
111  52.67355664  001.28464640
111  52.67345386  001.28448541
111  52.67318471  001.28450193
113  52.67280210  001.28459651
110 2 0.00 0.0000 Conc Fighter Pens on A
111  52.67478326  001.28739009
111  52.67481510  001.28766100
111  52.67462528  001.28770422
111  52.67446183  001.28750342
111  52.67434674  001.28758931
111  52.67438915  001.28781156
111  52.67447379  001.28789602
111  52.67473380  001.28790089
113  52.67510868  001.28780085
110 2 0.00 36.4000 Eastern Apron
112  52.67430066  001.28762157  52.67430436  001.28738384
112  52.67469180  001.28726694  52.67490987  001.28737971
111  52.67469180  001.28726694
112  52.67469180  001.28726694  52.67377147  001.28610657
111  52.67377147  001.28610657
111  52.67377546  001.28634535
111  52.67356594  001.28636238
111  52.67340941  001.28614932
111  52.67339509  001.28593177
111  52.67321505  001.28569618
111  52.67306157  001.28572680
111  52.67289888  001.28552778
112  52.67288551  001.28528939  52.67289807  001.28525778
111  52.67288551  001.28528939
111  52.67292748  001.28520291
112  52.67292748  001.28520291  52.67293674  001.28518548
111  52.67302959  001.28518074
111  52.67271973  001.28477546
112  52.67272936  001.28501804  52.67273236  001.28512246
112  52.67274055  001.28527350  52.67274124  001.28534906
111  52.67274055  001.28527350
112  52.67274055  001.28527350  52.67274194  001.28542463
112  52.67263240  001.28536866  52.67260186  001.28533202
112  52.67099714  001.28330127  52.67081664  001.28307230
111  52.67099714  001.28330127
112  52.67099714  001.28330127  52.67082081  001.28302192
112  52.67109384  001.28262719  52.67130433  001.28271893
111  52.67109384  001.28262719
111  52.67064323  001.28192433
112  52.67064917  001.28214058  52.67062300  001.28220771
111  52.67064917  001.28214058
112  52.67059109  001.28227466  52.67057429  001.28229984
112  52.67043363  001.28229094  52.67038781  001.28224812
111  52.67043363  001.28229094
111  52.67019786  001.28206427
111  52.67006174  001.28249930
111  52.66995106  001.28240811
111  52.67008534  001.28197049
111  52.66982792  001.28175947
111  52.66982201  001.28162757
111  52.66965647  001.28210759
111  52.66961906  001.28213830
111  52.66956328  001.28231069
111  52.66987459  001.28245551
111  52.66981858  001.28263458
111  52.66953927  001.28251495
111  52.66950876  001.28259119
112  52.66950876  001.28259119  52.66952775  001.28258000
111  52.66956969  001.28259192
111  52.66999987  001.28277676
111  52.67016401  001.28297120
111  52.67013179  001.28305766
111  52.67064378  001.28370996
111  52.67060734  001.28379057
112  52.67060734  001.28379057  52.67056627  001.28388645
112  52.67041904  001.28386500  52.67036558  001.28380455
112  52.66962292  001.28285947  52.66951448  001.28272850
112  52.66950778  001.28259254  52.66950968  001.28251431
111  52.66950778  001.28259254
111  52.66953888  001.28251454
111  52.66951224  001.28251413
111  52.66947713  001.28262092
111  52.66940052  001.28287096
111  52.66942672  001.28332928
112  52.66942672  001.28332928  52.66943894  001.28324868
112  52.66964540  001.28315399  52.66978897  001.28328244
111  52.66964540  001.28315399
112  52.66964540  001.28315399  52.66975537  001.28330511
112  52.67010458  001.28373956  52.67015193  001.28380253
112  52.67011740  001.28398546  52.67010212  001.28401820
111  52.66983586  001.28458985
111  52.67002463  001.28485086
111  52.66975383  001.28487955
111  52.66987104  001.28511556
111  52.67016970  001.28503757
111  52.67081702  001.28623605
111  52.67086900  001.28629365
112  52.67086900  001.28629365  52.67104441  001.28622826
111  52.67111891  001.28631516
112  52.67124089  001.28644577  52.67129434  001.28651378
112  52.67127711  001.28676796  52.67122121  001.28691915
111  52.67127711  001.28676796
111  52.67124520  001.28687958
111  52.67113880  001.28679450
111  52.67102562  001.28717000
111  52.67112617  001.28725585
111  52.67109237  001.28735714
111  52.67121986  001.28747737
111  52.67137078  001.28703533
111  52.67136164  001.28698129
112  52.67136164  001.28698129  52.67140986  001.28684654
112  52.67159349  001.28689530  52.67169676  001.28702994
111  52.67159349  001.28689530
111  52.67150462  001.28715868
111  52.67170361  001.28733196
111  52.67177239  001.28712529
111  52.67197503  001.28739811
111  52.67193812  001.28749586
111  52.67188313  001.28744679
111  52.67184602  001.28755493
111  52.67203194  001.28769915
111  52.67208410  001.28753298
111  52.67216596  001.28763681
112  52.67216596  001.28763681  52.67242711  001.28782104
111  52.67252890  001.28754437
111  52.67257804  001.28743714
112  52.67269739  001.28757931  52.67276404  001.28765945
112  52.67291994  001.28754904  52.67294910  001.28749637
111  52.67340327  001.28656840
111  52.67376903  001.28659468
112  52.67385235  001.28704941  52.67387380  001.28715766
112  52.67401822  001.28723589  52.67409901  001.28723173
112  52.67416065  001.28746210  52.67416444  001.28761614 102
111  52.67424637  001.29467843
113  52.67437554  001.29467614 102
111  52.67401774  001.28647796
112  52.67413041  001.28690463  52.67414084  001.28695108
111  52.67412623  001.28700269
112  52.67405947  001.28699409  52.67403548  001.28696484
111  52.67393637  001.28683581
113  52.67392907  001.28651753
112  52.67328404  001.28665740  52.67323784  001.28674578
112  52.67311771  001.28670616  52.67307520  001.28665740
111  52.67299574  001.28654463
112  52.67320827  001.28609661  52.67323599  001.28604480
111  52.67327849  001.28609966
113  52.67335426  001.28650806
111  52.67296247  001.28662692
112  52.67308445  001.28678235  52.67312695  001.28684026
112  52.67309553  001.28706275  52.67306781  001.28712675
112  52.67290703  001.28746200  52.67287007  001.28753210
112  52.67274070  001.28750772  52.67270189  001.28747114
113  52.67261503  001.28735533
111  52.67288048  001.28641330
111  52.67266543  001.28614455
111  52.67272928  001.28601155
112  52.67290148  001.28600878  52.67297709  001.28610853
113  52.67294265  001.28627754
111  52.67278808  001.28662941
112  52.67261281  001.28662169  52.67253707  001.28652386
111  52.67257134  001.28634752
111  52.67263142  001.28620965
113  52.67285361  001.28649088
111  52.67250757  001.28722019
111  52.67229425  001.28693501
111  52.67236115  001.28680178
112  52.67253787  001.28681843  52.67262370  001.28693917
113  52.67257321  001.28708905
111  52.67240280  001.28743877
112  52.67223240  001.28742211  52.67215666  001.28732636
111  52.67219327  001.28715982
111  52.67226143  001.28701203
113  52.67247223  001.28728889
111  52.67091416  001.28424276
112  52.67072875  001.28425344  52.67064405  001.28413896
111  52.67069274  001.28396778
111  52.67075216  001.28384458
113  52.67096878  001.28412343
111  52.67099891  001.28404917
111  52.67078785  001.28377669
111  52.67086651  001.28361696
112  52.67102891  001.28363862  52.67110528  001.28374624
113  52.67107339  001.28389402
112  52.67074328  001.28343858  52.67074049  001.28347293
112  52.67070133  001.28346120  52.67068466  001.28343601
111  52.67049305  001.28319787
111  52.67041802  001.28298501
111  52.67056243  001.28268964
113  52.67076700  001.28270566
111  52.67055578  001.28248849
111  52.67066379  001.28226604
112  52.67066379  001.28226604  52.67069433  001.28219964
112  52.67078391  001.28219110  52.67079502  001.28219568
111  52.67078391  001.28219110
113  52.67077415  001.28250320
110 1 0.00 0.0000 Twy A
111  52.67015172  001.28060636
111  52.66998237  001.28080958
111  52.66938277  001.28053100
111  52.66921583  001.28063936
111  52.66959482  001.28098961
111  52.66954864  001.28110855
111  52.66973543  001.28127658
111  52.66963895  001.28154770
111  52.66969856  001.28160847
111  52.66960842  001.28187495
111  52.66953838  001.28180987
111  52.66951863  001.28187756
111  52.66949702  001.28193418
112  52.66949070  001.28199818  52.66948138  001.28202524
111  52.66949070  001.28199818
111  52.66945940  001.28208063
111  52.66952973  001.28214386
111  52.66944229  001.28239532
111  52.66946861  001.28241549
111  52.66941361  001.28257222
111  52.66947713  001.28262092
111  52.66951224  001.28251413
111  52.66953888  001.28251454
111  52.66981858  001.28263458
111  52.66987459  001.28245551
111  52.66956328  001.28231069
111  52.66961906  001.28213830
111  52.66965647  001.28210759
111  52.66982201  001.28162757
111  52.66983474  001.28158369
111  52.66990329  001.28154371
111  52.67032909  001.28142587 102
111  52.67064323  001.28192433
111  52.67109384  001.28262719 102
111  52.67216136  001.28407903 102
111  52.67271973  001.28477546
111  52.67302959  001.28518074 102
111  52.67321506  001.28538031
111  52.67324779  001.28562326
111  52.67321505  001.28569618
111  52.67339509  001.28593177
111  52.67342787  001.28585004
111  52.67355883  001.28583924 102
111  52.67377147  001.28610657
111  52.67469180  001.28726694 102
111  52.67478326  001.28739009
111  52.67510868  001.28780085 102
111  52.67578019  001.28865800
112  52.67577532  001.28775062  52.67577045  001.28684324
111  52.67577532  001.28775062
112  52.67577532  001.28775062  52.67574340  001.28785314 102
112  52.67535625  001.28783161  52.67519910  001.28763212 102
111  52.67519910  001.28763212 102
111  52.67486602  001.28721253 102
111  52.67467130  001.28697590
111  52.67434786  001.28655196 102
111  52.67415198  001.28631562
111  52.67383821  001.28591744 102
111  52.67362547  001.28564946
111  52.67332943  001.28525616 102
111  52.67309419  001.28496531
111  52.67280210  001.28459651 102
111  52.67224679  001.28390267 102
112  52.67142311  001.28276888  52.67110098  001.28233613 102
111  52.67061861  001.28152271
113  52.67037108  001.28108459
110 2 0.00 0.0000 Conc Bit on 27 Edge block
111  52.67567062  001.29479377
111  52.67567003  001.29289585 102
111  52.67539773  001.29333990 102
113  52.67541325  001.29525951
110 1 0.00 0.0000 Twy A Rwy 27 Tar Corner
111  52.67580856  001.29266633 102
111  52.67567003  001.29289585
111  52.67567062  001.29479377
111  52.67541325  001.29525951 102
112  52.67541371  001.29580136  52.67541371  001.29595001 102
112  52.67527266  001.29604845  52.67517391  001.29605103 102
112  52.67464701  001.29569708  52.67444046  001.29534611 102
112  52.67437554  001.29467614  52.67436928  001.29427700
111  52.67437554  001.29467614
112  52.67437554  001.29467614  52.67424637  001.29467843
112  52.67424637  001.29467843  52.67411720  001.29468072
111  52.67424637  001.29467843
112  52.67424637  001.29467843  52.67424915  001.29485476 102
112  52.67455944  001.29585963  52.67485518  001.29628556 102
112  52.67525875  001.29627536  52.67536844  001.29627536 102
113  52.67583504  001.29626740
110 1 0.00 0.0000 Twy A Rwy 27 Tar Entry Block
112  52.67646193  001.29602936  52.67646171  001.29580868
111  52.67646193  001.29602936
112  52.67646193  001.29602936  52.67634317  001.29601594 102
112  52.67623235  001.29577710  52.67619325  001.29559976
111  52.67623235  001.29577710
112  52.67623235  001.29577710  52.67623665  001.29625570
111  52.67623590  001.29625611 102
113  52.67646215  001.29625003
130 Airport Boundary 73
111  52.68539695  001.29170967
111  52.68456850  001.29004645
111  52.68459022  001.28983210
111  52.68345229  001.28688890
111  52.68134858  001.28458345
111  52.68167092  001.28194858
111  52.68106865  001.28138044
111  52.68091953  001.28129951
111  52.68080231  001.28138696
111  52.68073613  001.28160067
111  52.68068114  001.28189456
111  52.68022737  001.28165580
111  52.67993310  001.28241670
111  52.67982788  001.28255601
111  52.67939728  001.28277950
111  52.67953283  001.27621061
111  52.68048051  001.27717282
111  52.68053861  001.27379565
111  52.68132679  001.27362950
111  52.68147333  001.27232515
111  52.68197304  001.27251456
111  52.68219594  001.27050922
111  52.68251190  001.26857938
111  52.68152987  001.26649932
111  52.68092721  001.26619455
111  52.67768979  001.26712809
111  52.67746139  001.26706206
111  52.67740220  001.26302204
111  52.67473438  001.26493776
111  52.67391420  001.26558663
111  52.67336700  001.26618858
111  52.67274087  001.26695617
111  52.67220976  001.26773146
111  52.67134237  001.26905213
111  52.67055527  001.26995103
111  52.66950021  001.27089201
111  52.66888817  001.27127110
111  52.66918302  001.27262785
111  52.66853926  001.27314285
111  52.66820039  001.27302930
111  52.66784454  001.27319579
111  52.66759109  001.27368393
111  52.66721875  001.27599229
111  52.66639180  001.28495224
111  52.66645125  001.28528828
111  52.66740685  001.28781416
111  52.66827947  001.28939316
111  52.66876100  001.28970174
111  52.67027885  001.28992861
111  52.67101655  001.29024008
111  52.67152519  001.29053744
111  52.67143379  001.29195897
111  52.67182220  001.29202797
111  52.67237073  001.29400576
111  52.67356966  001.29484904
111  52.67435567  001.29662480
111  52.67440133  001.29871741
111  52.67427754  001.29957625
111  52.67612663  001.29997285
111  52.67680167  001.30005719
111  52.67704906  001.29709403
111  52.67863766  001.29652083
111  52.68114211  001.29719383
111  52.68337644  001.29708048
113  52.68699456  001.29395575
120 Linear Feature 17
112  52.66899739  001.27473166  52.66895159  001.27477915 20
111  52.66891961  001.27485239
112  52.66891961  001.27485239  52.66897373  001.27476428 20
111  52.66900548  001.27474918
111  52.66891961  001.27485239 22
111  52.66827974  001.27626433
112  52.66827974  001.27626433  52.66816150  001.27658318 22
111  52.66828641  001.27670942 22
111  52.66887842  001.27748293
111  52.66891212  001.27745581 20
111  52.66885717  001.27736661 20
111  52.66898190  001.27709948
112  52.66898190  001.27709948  52.66900145  001.27705944 20
111  52.66903158  001.27709882
112  52.66903158  001.27709882  52.66912209  001.27719933 20
111  52.66916384  001.27710177
111  52.66895881  001.27701267 20
111  52.66884521  001.27726549
112  52.66884521  001.27726549  52.66882957  001.27729948 20
111  52.66878432  001.27725158 21
112  52.66883363  001.27733925  52.66884476  001.27735331 20
111  52.66887440  001.27728367 20
111  52.66893987  001.27713680 20
112  52.66894957  001.27708806  52.66894602  001.27708259 20
111  52.66892870  001.27712266 20
111  52.66884675  001.27730143 20
112  52.66883363  001.27733925  52.66883836  001.27734823
111  52.66883363  001.27733925
111  52.66862577  001.27719042 21
115  52.66849465  001.27703523
120 Linear Feature 33
111  52.67982763  001.26969334 20
111  52.67992839  001.27032019
111  52.67944089  001.27052315
112  52.67944089  001.27052315  52.67950716  001.27014247 20
111  52.67935517  001.26989679
111  52.67864376  001.27020063
112  52.67864376  001.27020063  52.67859536  001.27058801 20
115  52.67875254  001.27080626
120 Linear Feature 20
112  52.66807618  001.28292425  52.66816375  001.28292633 3
111  52.66820335  001.28274442
111  52.66823481  001.28276967
112  52.66823481  001.28276967  52.66823253  001.28294966 20
111  52.66816693  001.28302248
112  52.66816693  001.28302248  52.66821731  001.28307031 21
111  52.66828007  001.28321894
111  52.66801270  001.28293415
112  52.66801270  001.28293415  52.66803731  001.28293226 22
112  52.66816693  001.28302248  52.66821612  001.28306482
111  52.66816693  001.28302248
111  52.66814246  001.28300345 20
112  52.66823481  001.28276967  52.66824512  001.28261297
111  52.66823481  001.28276967
111  52.66778452  001.28300066 22
111  52.66802771  001.28298717
112  52.66802771  001.28298717  52.66824410  001.28305083 22
111  52.66827760  001.28338328 22
115  52.66832520  001.28399033
120 Linear Feature 19
111  52.66954180  001.28250827 20
112  52.66946341  001.28253216  52.66944242  001.28255671
111  52.66946341  001.28253216 20
111  52.66941744  001.28258937
112  52.66941744  001.28258937  52.66939377  001.28261517 20
111  52.66939915  001.28255621 20
111  52.66939915  001.28246924 20
111  52.66960842  001.28187495
111  52.66957778  001.28184656 20
111  52.66938427  001.28239232
112  52.66938427  001.28239232  52.66936093  001.28247605 20
111  52.66936061  001.28255844 20
111  52.66933898  001.28254506 20
111  52.66938427  001.28239232
111  52.66933612  001.28244045
112  52.66933612  001.28244045  52.66925191  001.28267089 20
111  52.66918550  001.28266547 20
111  52.66859996  001.28279419 20
111  52.66851336  001.28287712 20
111  52.66849548  001.28287804 20
111  52.66847536  001.28284671 20
111  52.66837367  001.28287067 3
112  52.66827252  001.28274160  52.66826211  001.28258770
111  52.66827252  001.28274160 21
111  52.66826191  001.28308351
112  52.66826191  001.28308351  52.66827566  001.28298738 3
111  52.66837478  001.28295912 3
111  52.66852956  001.28293701 20
111  52.66922165  001.28278937
112  52.66922165  001.28278937  52.66928815  001.28278252 20
111  52.66931876  001.28300502 20
111  52.66938395  001.28414633
112  52.66938395  001.28414633  52.66939055  001.28426192 20
111  52.66948289  001.28437995
111  52.66942260  001.28414400 20
111  52.66935226  001.28298224 20
111  52.66935394  001.28286386 20
111  52.66933043  001.28287148 20
112  52.66935226  001.28298224  52.66935447  001.28302437
111  52.66935226  001.28298224
111  52.66914668  001.28273847 20
111  52.66867206  001.28283435 21
111  52.66867708  001.28290419
111  52.66835767  001.28291239 22
115  52.66826775  001.28292354
120 Linear Feature 16
111  52.66936588  001.27509301 20
112  52.66927646  001.27493880  52.66926270  001.27489719
111  52.66927646  001.27493880
111  52.66925844  001.27496311
112  52.66925844  001.27496311  52.66929715  001.27499810 20
111  52.66936588  001.27509301 22
111  52.66973466  001.27556461
112  52.66973466  001.27556461  52.66993383  001.27591911 22
111  52.66977276  001.27624227 22
111  52.66921547  001.27746968
112  52.66921547  001.27746968  52.66909355  001.27777961 22
111  52.66887842  001.27748293
111  52.66891212  001.27745581 3
112  52.66894100  001.27752531  52.66896894  001.27754709
111  52.66894100  001.27752531
112  52.66894100  001.27752531  52.66911066  001.27763169 3
111  52.66918686  001.27747648 3
111  52.66976126  001.27620094
112  52.66976126  001.27620094  52.66988084  001.27590148 3
111  52.66974066  001.27563045 3
111  52.66971242  001.27558766 3
111  52.66965097  001.27552094
111  52.66963379  001.27539244 3
111  52.66972607  001.27550686
112  52.66972607  001.27550686  52.66996536  001.27589385 3
111  52.66982391  001.27625349 3
111  52.66972272  001.27648480 3
111  52.66956773  001.27681667 3
111  52.66951426  001.27685333 3
111  52.66947942  001.27693159 3
111  52.66946861  001.27703660 3
111  52.66923854  001.27752567
112  52.66923854  001.27752567  52.66921009  001.27758403 3
112  52.66916489  001.27761944  52.66913782  001.27763832 21
112  52.66908245  001.27765279  52.66905851  001.27764421
111  52.66908245  001.27765279
112  52.66908245  001.27765279  52.66894853  001.27762762 3
115  52.66887301  001.27753664
120 Linear Feature 15
112  52.66938158  001.27238951  52.66936782  001.27244767 20
111  52.66937557  001.27253547 20
111  52.66934617  001.27239847 20
111  52.66931638  001.27217341 20
111  52.66933023  001.27215956
111  52.66944609  001.27286499 22
111  52.66946750  001.27296468
112  52.66946750  001.27296468  52.66948010  001.27302560 22
111  52.66946331  001.27308098 22
111  52.66943675  001.27317085 21
115  52.66947590  001.27317305
120 Linear Feature 14
112  52.67042145  001.27280318  52.67042908  001.27286584 21
111  52.67041843  001.27295219 20
112  52.67044093  001.27292726  52.67045179  001.27292726
111  52.67044093  001.27292726 20
111  52.67049169  001.27292663
112  52.67049169  001.27292663  52.67050931  001.27292751 20
111  52.67052985  001.27289705 20
111  52.67057984  001.27282719
112  52.67057984  001.27282719  52.67059302  001.27282044 20
111  52.67062793  001.27279195 22
112  52.67067945  001.27268433  52.67067756  001.27263752
111  52.67067945  001.27268433
112  52.67067945  001.27268433  52.67064454  001.27188423 22
111  52.67090365  001.27154261
112  52.67090365  001.27154261  52.67095160  001.27146927 20
111  52.67092922  001.27141787 20
111  52.67090932  001.27135893
112  52.67090932  001.27135893  52.67089954  001.27132929 20
111  52.67089348  001.27127883
112  52.67089348  001.27127883  52.67084333  001.27114984 20
112  52.67087162  001.27135035  52.67096530  001.27134151
111  52.67087162  001.27135035
112  52.67087162  001.27135035  52.67090001  001.27133380 20
111  52.67089348  001.27127883
111  52.67087162  001.27135035
112  52.67087162  001.27135035  52.67090474  001.27138416 20
111  52.67091950  001.27143560 20
112  52.67090365  001.27154261  52.67087842  001.27159046
111  52.67090365  001.27154261
111  52.67062077  001.27279573 20
111  52.67050365  001.27295842 20
111  52.67041843  001.27295219 20
115  52.67040122  001.27304565
120 Linear Feature 11
111  52.67309105  001.27251237 1
111  52.67313784  001.27284032
112  52.67313784  001.27284032  52.67314984  001.27292545 1
111  52.67326735  001.27295066
111  52.67304421  001.27304271 1
116  52.67313784  001.27284032  52.67312583  001.27275518
120 Linear Feature 10
111  52.67040905  001.27320486 22
111  52.67074778  001.27341284 20
111  52.67086465  001.27348123
112  52.67086465  001.27348123  52.67094538  001.27344255 20
111  52.67102972  001.27347708 20
111  52.67156183  001.27325814
112  52.67156183  001.27325814  52.67159683  001.27324507 20
111  52.67159888  001.27318496 20
115  52.67181190  001.27075112
120 Linear Feature 9
111  52.67075488  001.27890087 20
112  52.67086629  001.27852559  52.67090797  001.27843172
111  52.67086629  001.27852559 20
111  52.67093856  001.27837184 21
111  52.67094653  001.27762007 21
111  52.67095554  001.27760266
111  52.67097455  001.27762848 21
111  52.67098434  001.27842771 20
111  52.67091160  001.27859848 20
112  52.67079366  001.27897405  52.67078214  001.27909195
111  52.67079366  001.27897405
111  52.67086629  001.27852559 20
111  52.67177748  001.27964566
111  52.67192056  001.27969975 20
111  52.67185445  001.27953717 20
112  52.67172377  001.27932585  52.67163973  001.27922290
111  52.67172377  001.27932585 20
115  52.67093856  001.27837184
120 Linear Feature 8
111  52.66972150  001.28087513 22
111  52.66947746  001.28074697
112  52.66947746  001.28074697  52.66935904  001.28068218 22
111  52.66936125  001.28047748 22
111  52.66934672  001.27976603
112  52.66934672  001.27976603  52.66934508  001.27967065 22
111  52.66935253  001.27959476
112  52.66935253  001.27959476  52.66935690  001.27947237 22
111  52.66942807  001.27922107 21
111  52.66939455  001.27920203
111  52.66955482  001.27870033 21
111  52.66951465  001.27869181
112  52.66951465  001.27869181  52.66954176  001.27846577 22
111  52.66961122  001.27828616 22
111  52.67028329  001.27679941 21
111  52.67025099  001.27676358
111  52.67007118  001.27736843 21
111  52.67017803  001.27778195 21
111  52.67024600  001.27784985 21
111  52.67069941  001.27880790 21
111  52.67075488  001.27890087 21
111  52.67072969  001.27900244
111  52.67061480  001.27886521 21
111  52.67061553  001.27876923 21
111  52.67021022  001.27794490 21
115  52.66995227  001.27763084
120 Linear Feature 7
112  52.67009542  001.28148970  52.66962506  001.27974906 20
111  52.67007604  001.27829040 20
111  52.67033488  001.27761965
112  52.67033488  001.27761965  52.67036684  001.27753461 20
111  52.67036657  001.27740515 20
111  52.67037120  001.27716233 20
111  52.67027743  001.27657017 20
111  52.67027740  001.27648513
111  52.67005479  001.27620875 20
111  52.67003605  001.27627936 20
111  52.67027743  001.27657017 20
111  52.67021175  001.27671896 20
111  52.67025099  001.27676358 20
111  52.66961559  001.27817619
112  52.66961559  001.27817619  52.66951835  001.27839297 20
111  52.66948353  001.27866291 20
111  52.66943203  001.27902114
112  52.66943203  001.27902114  52.66941282  001.27914883 20
111  52.66936930  001.27929553
112  52.66936930  001.27929553  52.66931768  001.27949251 20
111  52.66931053  001.27973215 20
111  52.66932902  001.28055859
112  52.66932902  001.28055859  52.66933496  001.28071211 20
111  52.66944985  001.28080031 20
111  52.66960172  001.28090157 20
111  52.66972322  001.28101699
112  52.66972322  001.28101699  52.66977373  001.28106533 20
111  52.66975094  001.28123321 20
111  52.66971543  001.28133363 20
111  52.66978396  001.28139700 20
111  52.66991800  001.28101373
112  52.66991800  001.28101373  52.66993368  001.28096662 20
111  52.66997960  001.28097168
111  52.66995813  001.28084401 20
111  52.66950532  001.28070558 20
112  52.66939901  001.28045732  52.66939175  001.28029073
111  52.66939901  001.28045732 20
111  52.66938580  001.27968206 20
112  52.66943599  001.27934888  52.66947861  001.27917070
111  52.66943599  001.27934888 20
111  52.66949938  001.27906360 20
111  52.66947759  001.27897105 20
111  52.66948749  001.27888938 20
111  52.66953767  001.27881316 20
111  52.66958521  001.27850393 20
111  52.66966907  001.27825676 20
115  52.67029899  001.27686410
120 Linear Feature 5
111  52.67215009  001.28476200 20
111  52.67135955  001.28643920
111  52.67125022  001.28435649 20
111  52.67146434  001.28389139
111  52.67075216  001.28384458 20
112  52.67069615  001.28385650  52.67067403  001.28390637
111  52.67069615  001.28385650 20
111  52.67065413  001.28394469 20
112  52.67032672  001.28396719  52.67011771  001.28374131
111  52.67032672  001.28396719 20
111  52.66966586  001.28311954 20
112  52.66952484  001.28307720  52.66943875  001.28310978 20
111  52.66941654  001.28315374
111  52.66941320  001.28308921 20
112  52.66951157  001.28302873  52.66952862  001.28302318 20
112  52.66958301  001.28302055  52.66958419  001.28301840 20
111  52.66947040  001.28287248 20
112  52.66939301  001.28283567  52.66934857  001.28283834
111  52.66939301  001.28283567
111  52.66956969  001.28259192 20
112  52.66947843  001.28262107  52.66945908  001.28268040
111  52.66947843  001.28262107
112  52.66947843  001.28262107  52.66945550  001.28269289 20
111  52.66951483  001.28280252 20
111  52.67040675  001.28391971
112  52.67040675  001.28391971  52.67053662  001.28402320 20
111  52.67061461  001.28386224 20
111  52.67075401  001.28356070 20
112  52.67077205  001.28346266  52.67077533  001.28340384
111  52.67077205  001.28346266 20
111  52.67080431  001.28271818 21
111  52.67082235  001.28225930 21
111  52.67081333  001.28184360
111  52.67085205  001.28190652 21
111  52.67087602  001.28231806 21
111  52.67087963  001.28239615 21
111  52.67086642  001.28272373 20
111  52.67083723  001.28348347
112  52.67083723  001.28348347  52.67083559  001.28354297 20
111  52.67080657  001.28362180 20
111  52.67077004  001.28369990
112  52.67077004  001.28369990  52.67075241  001.28373708 20
115  52.67078808  001.28377799
120 Linear Feature 5
112  52.67272466  001.27057755  52.67290306  001.27052992 1
111  52.67294478  001.27067521 1
111  52.67296823  001.27083372
111  52.67311454  001.27041477
112  52.67311454  001.27041477  52.67297555  001.27050701 1
111  52.67294478  001.27067521
111  52.67293907  001.27034500
112  52.67293907  001.27034500  52.67295029  001.27044694 1
111  52.67289553  001.27050646
111  52.67303852  001.27044686
112  52.67303852  001.27044686  52.67297999  001.27047232 1
111  52.67293907  001.27034500 1
111  52.67289788  001.27008730
112  52.67289788  001.27008730  52.67288795  001.27002528 1
111  52.67293774  001.27000608 1
111  52.67311304  001.26992680 1
111  52.67321681  001.26994130
112  52.67321681  001.26994130  52.67328149  001.26995817 1
111  52.67330475  001.27004089 1
111  52.67332468  001.27016948
112  52.67332468  001.27016948  52.67333907  001.27026810 1
111  52.67323103  001.27036668
111  52.67346167  001.27027060
112  52.67346167  001.27027060  52.67337537  001.27030695 1
111  52.67332468  001.27016948
111  52.67330475  001.27004089
112  52.67330475  001.27004089  52.67329079  001.26993700 1
111  52.67335563  001.26988084
111  52.67321681  001.26994130 1
111  52.67350526  001.26981561
111  52.67366230  001.27018706
112  52.67366230  001.27018706  52.67356583  001.27031128 1
111  52.67359944  001.27046853 1
112  52.67346167  001.27027060  52.67335376  001.27025752
111  52.67346167  001.27027060
111  52.67323103  001.27036668
112  52.67323103  001.27036668  52.67317633  001.27041551 1
111  52.67316231  001.27057617 1
116  52.67303852  001.27044686  52.67294652  001.27043210
120 Linear Feature 4
112  52.67089458  001.27373209  52.67090352  001.27382759 1
111  52.67085400  001.27391048
111  52.67100365  001.27386406 1
112  52.67089458  001.27373209  52.67088565  001.27363658
111  52.67089458  001.27373209 1
111  52.67088093  001.27347560
111  52.67147096  001.27355907
112  52.67147096  001.27355907  52.67148777  001.27367654 1
111  52.67141384  001.27372282
111  52.67156448  001.27365937 1
112  52.67147096  001.27355907  52.67145338  001.27344077
111  52.67147096  001.27355907 1
111  52.67143171  001.27331077
111  52.67166214  001.27298338
112  52.67166214  001.27298338  52.67171038  001.27299129 1
111  52.67172499  001.27311229
111  52.67174457  001.27288490 1
112  52.67166214  001.27298338  52.67161389  001.27297546
111  52.67166214  001.27298338 1
111  52.67161755  001.27297441
111  52.67171473  001.27238070
112  52.67171473  001.27238070  52.67175993  001.27239025 1
111  52.67177617  001.27251810
111  52.67179681  001.27227811 1
112  52.67171473  001.27238070  52.67166952  001.27237115
111  52.67171473  001.27238070 1
111  52.67151965  001.27233147
111  52.67175212  001.27188045
112  52.67175212  001.27188045  52.67180655  001.27189301 1
111  52.67182008  001.27200834
111  52.67184090  001.27176619 1
112  52.67175212  001.27188045  52.67169769  001.27186789
111  52.67175212  001.27188045 1
111  52.67156452  001.27183826
111  52.67178863  001.27139242
112  52.67178863  001.27139242  52.67185024  001.27140631 1
111  52.67186080  001.27153479
111  52.67188270  001.27128000 1
112  52.67178863  001.27139242  52.67172701  001.27137854
111  52.67178863  001.27139242 1
111  52.67160109  001.27134978
111  52.67184692  001.27091179
112  52.67184692  001.27091179  52.67189858  001.27092546 1
111  52.67190317  001.27104333
111  52.67197278  001.27089086 1
112  52.67184692  001.27091179  52.67179527  001.27089813
111  52.67184692  001.27091179 1
111  52.67164582  001.27086312 1
115  52.67135244  001.27100341
120 Linear Feature 3
112  52.67193891  001.27905856  52.67182116  001.27895211 1
112  52.67165818  001.27921674  52.67162413  001.27950920
111  52.67165818  001.27921674
112  52.67165818  001.27921674  52.67163660  001.27948807 1
112  52.67135015  001.27910650  52.67136592  001.27860212
111  52.67135015  001.27910650
112  52.67135015  001.27910650  52.67134748  001.27910292
111  52.67157308  001.27861245
112  52.67157308  001.27861245  52.67130730  001.27837314 1
111  52.67128930  001.27881431
112  52.67128930  001.27881431  52.67120487  001.27938180 1
116  52.67104385  001.27856045  52.67129576  001.27828051
120 Linear Feature 2
112  52.67087457  001.28234720  52.67091769  001.28223374 1
111  52.67088412  001.28215724
111  52.67098264  001.28230865
112  52.67098264  001.28230865  52.67091248  001.28223213 1
111  52.67087457  001.28234720
112  52.67087457  001.28234720  52.67084812  001.28242511 1
111  52.67082333  001.28309742
112  52.67082333  001.28309742  52.67081860  001.28322529 1
111  52.67088857  001.28331965 1
111  52.67115136  001.28365541
111  52.67100480  001.28346819
112  52.67100480  001.28346819  52.67090336  001.28336352 1
111  52.67078140  001.28359171
112  52.67078140  001.28359171  52.67079885  001.28354805 1
111  52.67080188  001.28348838 1
111  52.67082333  001.28309742
111  52.67078140  001.28359171 1
111  52.67062947  001.28391161
112  52.67062947  001.28391161  52.67052160  001.28412238 1
111  52.67036596  001.28393285 1
115  52.66972412  001.28312961
120 Linear Feature 1
112  52.67321075  001.28662437  52.67304456  001.28630635 51
112  52.67338881  001.28621608  52.67351382  001.28634393 51
112  52.67321075  001.28662437  52.67298691  001.28641742
111  52.67321075  001.28662437
111  52.67325616  001.28652376
112  52.67325616  001.28652376  52.67334240  001.28661326 51
112  52.67334689  001.28632391  52.67326888  001.28622403 51
116  52.67325616  001.28652376  52.67333416  001.28661006
120 Linear Feature 1
112  52.67297499  001.28716049  52.67280880  001.28684247 51
112  52.67315304  001.28675220  52.67327805  001.28688005 51
112  52.67297499  001.28716049  52.67275114  001.28695354
111  52.67297499  001.28716049
111  52.67302039  001.28705988
112  52.67302039  001.28705988  52.67310663  001.28714938 51
112  52.67311112  001.28686003  52.67303311  001.28676015 51
116  52.67302039  001.28705988  52.67309840  001.28714618
120 Linear Feature 1
112  52.67225938  001.28761611  52.67209319  001.28729808 51
112  52.67243744  001.28720782  52.67256244  001.28733567 51
112  52.67225938  001.28761611  52.67203553  001.28740915
111  52.67225938  001.28761611
111  52.67230478  001.28751550
112  52.67230478  001.28751550  52.67239102  001.28760499 51
112  52.67239551  001.28731565  52.67231750  001.28721576 51
116  52.67230478  001.28751550  52.67238279  001.28760180
120 Linear Feature 1
112  52.67189379  001.28725470  52.67172759  001.28693668 51
112  52.67207184  001.28684641  52.67219685  001.28697426 51
112  52.67189379  001.28725470  52.67166994  001.28704775
111  52.67189379  001.28725470
111  52.67193919  001.28715409
112  52.67193919  001.28715409  52.67202543  001.28724359 51
112  52.67202992  001.28695424  52.67195191  001.28685436 51
116  52.67193919  001.28715409  52.67201719  001.28724039
120 Linear Feature 1
112  52.67158012  001.28665351  52.67141393  001.28633549 51
112  52.67175818  001.28624522  52.67188319  001.28637307 51
112  52.67158012  001.28665351  52.67135627  001.28644656
111  52.67158012  001.28665351
111  52.67162552  001.28655290
112  52.67162552  001.28655290  52.67171177  001.28664240 51
112  52.67171626  001.28635305  52.67163825  001.28625317 51
116  52.67162552  001.28655290  52.67170353  001.28663920
120 Linear Feature 1
112  52.67171618  001.28618078  52.67154999  001.28586276 51
112  52.67189424  001.28577249  52.67201925  001.28590034 51
112  52.67171618  001.28618078  52.67149233  001.28597383
111  52.67171618  001.28618078
111  52.67176158  001.28608017
112  52.67176158  001.28608017  52.67184783  001.28616966 51
112  52.67185231  001.28588032  52.67177431  001.28578044 51
116  52.67176158  001.28608017  52.67183959  001.28616647
120 Linear Feature 1
112  52.67191456  001.28578341  52.67174836  001.28546539 51
112  52.67209261  001.28537512  52.67221762  001.28550297 51
112  52.67191456  001.28578341  52.67169071  001.28557645
111  52.67191456  001.28578341
111  52.67195996  001.28568280
112  52.67195996  001.28568280  52.67204620  001.28577229 51
112  52.67205069  001.28548295  52.67197268  001.28538306 51
116  52.67195996  001.28568280  52.67203797  001.28576910
120 Linear Feature 1
112  52.67220537  001.28566180  52.67203918  001.28534378 51
112  52.67238343  001.28525351  52.67250844  001.28538136 51
112  52.67220537  001.28566180  52.67198152  001.28545485
111  52.67220537  001.28566180
111  52.67225077  001.28556119
112  52.67225077  001.28556119  52.67233702  001.28565068 51
112  52.67234150  001.28536134  52.67226350  001.28526146 51
116  52.67225077  001.28556119  52.67232878  001.28564749
120 Linear Feature 1
112  52.67248788  001.28585877  52.67232168  001.28554075 51
112  52.67266593  001.28545048  52.67279094  001.28557833 51
112  52.67248788  001.28585877  52.67226403  001.28565182
111  52.67248788  001.28585877
111  52.67253328  001.28575816
112  52.67253328  001.28575816  52.67261952  001.28584766 51
112  52.67262401  001.28555831  52.67254600  001.28545843 51
116  52.67253328  001.28575816  52.67261128  001.28584446
120 Linear Feature 11
112  52.67274358  001.28605486  52.67283908  001.28593249 1
112  52.67294415  001.28631773  52.67288722  001.28659792
111  52.67294415  001.28631773
111  52.67257665  001.28618780 1
111  52.67276784  001.28642752
112  52.67276784  001.28642752  52.67282463  001.28650869 1
115  52.67279131  001.28664491
120 Linear Feature 10
111  52.67306660  001.28605549 1
112  52.67307124  001.28614551  52.67308700  001.28616578
111  52.67307124  001.28614551 1
111  52.67329968  001.28643065
111  52.67307124  001.28614551
112  52.67307124  001.28614551  52.67305547  001.28612524 1
111  52.67302076  001.28615364
111  52.67282413  001.28657479
112  52.67282413  001.28657479  52.67280850  001.28661284 1
111  52.67283390  001.28666930
112  52.67283390  001.28666930  52.67279816  001.28664369 1
111  52.67278042  001.28666852
111  52.67283390  001.28666930 1
111  52.67302938  001.28691596
112  52.67302938  001.28691596  52.67305568  001.28694906 1
111  52.67302796  001.28701587 1
111  52.67282964  001.28734761
112  52.67282964  001.28734761  52.67280693  001.28738374 1
111  52.67275770  001.28733512 1
111  52.67260740  001.28714726
112  52.67260740  001.28714726  52.67258251  001.28710266 1
111  52.67260079  001.28705295
111  52.67253981  001.28706427
112  52.67253981  001.28706427  52.67256446  001.28709394 1
111  52.67255147  001.28715525
112  52.67255147  001.28715525  52.67257337  001.28711586 1
111  52.67260740  001.28714726
111  52.67255147  001.28715525 1
111  52.67248972  001.28728587 1
112  52.67245528  001.28732767  52.67243715  001.28734644
111  52.67245528  001.28732767 1
111  52.67235322  001.28742267
112  52.67235322  001.28742267  52.67232833  001.28744496 1
111  52.67231695  001.28741798
112  52.67231695  001.28741798  52.67220849  001.28731653 1
111  52.67228281  001.28702859 1
111  52.67239346  001.28680153
111  52.67240489  001.28689833
112  52.67240489  001.28689833  52.67237555  001.28686156 1
111  52.67234619  001.28689837 1
111  52.67226148  001.28686438
112  52.67226148  001.28686438  52.67229861  001.28694151 1
111  52.67228281  001.28702859
111  52.67226148  001.28686438 1
111  52.67202543  001.28655349
112  52.67202543  001.28655349  52.67196054  001.28646830 1
111  52.67200905  001.28621688 1
111  52.67211173  001.28599352
112  52.67211173  001.28599352  52.67216213  001.28588132 1
112  52.67233348  001.28590521  52.67238451  001.28595820
111  52.67233348  001.28590521 1
111  52.67257665  001.28618780
112  52.67257665  001.28618780  52.67262705  001.28624805 1
115  52.67269446  001.28615871
120 Linear Feature 9
111  52.67356125  001.28571288 1
112  52.67342252  001.28568522  52.67335851  001.28574094
111  52.67342252  001.28568522 1
111  52.67312600  001.28594545 1
112  52.67310160  001.28598065  52.67309200  001.28600176
111  52.67310160  001.28598065 1
111  52.67260079  001.28705295 1
112  52.67253981  001.28706427  52.67251517  001.28703459
111  52.67253981  001.28706427 1
111  52.67240489  001.28689833
112  52.67240489  001.28689833  52.67237555  001.28686156 1
111  52.67239346  001.28680153 1
111  52.67277535  001.28598694
112  52.67277535  001.28598694  52.67279765  001.28594049 1
111  52.67280051  001.28586626 1
111  52.67281956  001.28481658
112  52.67281956  001.28481658  52.67281956  001.28477536 1
111  52.67280044  001.28475453
111  52.67300923  001.28502014
112  52.67300923  001.28502014  52.67289000  001.28493342 1
111  52.67281393  001.28512670
111  52.67280210  001.28459651 3
111  52.67309419  001.28496531
111  52.67332943  001.28525616 3
115  52.67362547  001.28564946
120 Linear Feature 8
112  52.67414905  001.28736004  52.67414711  001.28717131 3
111  52.67413380  001.28696474
111  52.67399451  001.28648360
112  52.67399451  001.28648360  52.67397673  001.28640575 3
111  52.67389126  001.28628245 3
111  52.67377147  001.28610657
111  52.67383821  001.28591744 3
111  52.67415198  001.28631562
111  52.67434786  001.28655196 3
111  52.67467130  001.28697590
111  52.67486602  001.28721253 3
111  52.67519910  001.28763212
111  52.67510868  001.28780085 3
115  52.67478326  001.28739009
120 Linear Feature 7
111  52.67972157  001.29260681 5
111  52.67964552  001.29280510
111  52.67969980  001.29286365 3
115  52.67938316  001.29252718
120 Linear Feature 6
111  52.67594728  001.28341254 1
111  52.67594912  001.28390845
112  52.67594912  001.28390845  52.67594912  001.28405327 1
111  52.67615204  001.28436177
112  52.67615204  001.28436177  52.67600288  001.28426560 1
112  52.67595025  001.28466671  52.67595146  001.28475255
111  52.67595025  001.28466671
111  52.67615204  001.28436177 1
111  52.67872836  001.28749758
112  52.67872836  001.28749758  52.67877990  001.28755941 1
112  52.67885668  001.28736174  52.67885772  001.28726642
111  52.67885668  001.28736174
111  52.67885592  001.28723920 1
111  52.67886064  001.28802438
111  52.67885899  001.28782029
112  52.67885899  001.28782029  52.67885782  001.28769189 1
111  52.67877822  001.28755781
111  52.67872836  001.28749758 1
111  52.67901428  001.28784195
112  52.67901428  001.28784195  52.67888050  001.28776963 1
111  52.67886064  001.28802438
111  52.67896384  001.28778103
112  52.67896384  001.28778103  52.67885858  001.28765316 1
111  52.67885668  001.28736174
111  52.67901428  001.28784195 1
115  52.67992828  001.28895212
120 ILS Hold S2
111  52.67312478  001.28571246 6
115  52.67340370  001.28607185
120 Hold N4
111  52.67778217  001.29621821 4
115  52.67776314  001.29599720
120 Hold N1
111  52.67715119  001.26884268 4
115  52.67712573  001.26863026
120 Hold E3
111  52.67443952  001.26975330 4
115  52.67447078  001.26996151
120 ILS Hold E2
111  52.67203460  001.27073164 2
115  52.67207128  001.27096288
120 ILS Hold E1
111  52.67162540  001.27311636 2
115  52.67175725  001.27314324
120 Hold D2
111  52.67729149  001.27142108 4
115  52.67719601  001.27079919
120 Hold D1
111  52.67444747  001.27231535 4
115  52.67449387  001.27258389
120 ILS Hold C4
111  52.67981692  001.28920747 2
115  52.68004623  001.28869252
120 Hold C3
111  52.67733130  001.28618598 4
115  52.67755901  001.28567900
120 Hold C2
111  52.67439357  001.28180923 4
115  52.67414662  001.28236717
120 ILS Hold C1
111  52.67220052  001.27913396 5
115  52.67195606  001.27969101
120 Hold B2
111  52.67740296  001.29044207 4 103
115  52.67747362  001.29024236
120 Hold B1
111  52.67486602  001.28721253 4
115  52.67478326  001.28739009
120 Hold A2
111  52.67464701  001.29569708 4
115  52.67455944  001.29585963
120 ILS Hold A1
111  52.67224679  001.28390267 6
115  52.67216136  001.28407903
120 Linear Feature 63
111  52.67178634  001.27284175 3
111  52.67174970  001.27322383 3
112  52.67188371  001.27338988  52.67201040  001.27331793
111  52.67188371  001.27338988 3
111  52.67305649  001.27290458 3
111  52.67300394  001.27254364
111  52.67317445  001.27247082 3
111  52.67322454  001.27283139 3
111  52.67444747  001.27231535 3
111  52.67508570  001.27205266
112  52.67508570  001.27205266  52.67523336  001.27199327 3
115  52.67521382  001.27162200
120 N West edge
111  52.67783096  001.26936572 3
111  52.67758990  001.26879917
112  52.67758990  001.26879917  52.67753076  001.26864981 3
112  52.67741057  001.26855168  52.67736429  001.26852842 3
115  52.67712573  001.26863026
120 Twy A cl
111  52.67571762  001.29616889 1 105
111  52.67517726  001.29617483
112  52.67517726  001.29617483  52.67502303  001.29617483 1 105
112  52.67459239  001.29579619  52.67444503  001.29554984 1
112  52.67430843  001.29472607  52.67430660  001.29419960
111  52.67430843  001.29472607 1
112  52.67423010  001.28741921  52.67421387  001.28687926 1
116  52.67402652  001.28631172  52.67396158  001.28616000
120 Twy N cl
111  52.67602485  001.29510516 1
112  52.67603372  001.29577483  52.67603386  001.29587903 1
112  52.67639134  001.29615898  52.67658616  001.29615898
111  52.67639134  001.29615898 1
112  52.67766918  001.29612909  52.67822927  001.29612017 1
112  52.67887555  001.29406684  52.67888097  001.29291992 1
111  52.67887673  001.29199866 1
111  52.67887417  001.29168386 1
115  52.67886064  001.28802438
120 27 Turn cl
111  52.67601227  001.29348858 51 105
112  52.67602121  001.29442534  52.67602121  001.29452860 51 105
112  52.67595412  001.29478308  52.67590046  001.29487159 51 105
112  52.67558516  001.29542111  52.67529669  001.29592268 51 105
116  52.67602533  001.29577898  52.67619937  001.29496887
120 D to N turn cl
111  52.67819213  001.27048152 1
112  52.67814084  001.27075362  52.67802559  001.27083149
111  52.67814084  001.27075362
112  52.67814084  001.27075362  52.67827969  001.27073072 1
115  52.67835164  001.27090884
120 Twy N cl
111  52.67602603  001.26920548 1
112  52.67712277  001.26873814  52.67719902  001.26871380 1
111  52.67730195  001.26867187
112  52.67730195  001.26867187  52.67735716  001.26864932 1
112  52.67763849  001.26910767  52.67781313  001.26950525
111  52.67763849  001.26910767 1
111  52.67819213  001.27048152 1
111  52.67835164  001.27090884 1
112  52.67866598  001.27190763  52.67873229  001.27214799 1
112  52.67876381  001.27265381  52.67876053  001.27303180 1
111  52.67876639  001.27663040 1
111  52.67883374  001.28040085 1
115  52.67885592  001.28723920
120 D to Rwy cl
111  52.67585582  001.27188154 1
112  52.67600031  001.27165266  52.67614615  001.27159376
111  52.67600031  001.27165266
112  52.67600031  001.27165266  52.67603677  001.27163794 1
111  52.67724838  001.27111439 1
111  52.67814084  001.27075362 1
115  52.68126861  001.26944445
120 C to A turn cl
112  52.67092348  001.27782513  52.67085192  001.27774400 51 101
112  52.67070753  001.27787164  52.67066057  001.27795277 51 101
116  52.67050028  001.27828809  52.67046886  001.27840694
120 Twy C to rway cl
111  52.67593756  001.28297598 51 105
112  52.67593818  001.28323592  52.67593879  001.28349586
111  52.67593818  001.28323592
112  52.67593818  001.28323592  52.67593879  001.28356685 51 105
116  52.67554887  001.28362956  52.67545489  001.28351848
120 Twy C to rway cl
112  52.67062427  001.27736510  52.67063992  001.27752735 51 101
111  52.67078346  001.27766056 51 101
111  52.67092348  001.27782513 51 101
111  52.67157308  001.27861245 51 101
111  52.67193891  001.27905856
112  52.67193891  001.27905856  52.67204411  001.27920279 51 101
112  52.67216430  001.27951302  52.67229459  001.27967347
111  52.67216430  001.27951302 51 101
112  52.67427073  001.28207969  52.67440102  001.28224014
111  52.67427073  001.28207969 51 105
111  52.67554887  001.28362956 51 105
112  52.67578262  001.28392379  52.67591389  001.28408825 51 105
112  52.67594619  001.28456956  52.67594745  001.28476525 51 105
115  52.67594979  001.28507263
120 Twy D to rway cl
111  52.67179123  001.27356236 1
111  52.67541411  001.27206033
112  52.67541411  001.27206033  52.67566152  001.27196132 1 105
112  52.67583862  001.27248444  52.67584528  001.27273462
111  52.67583862  001.27248444 1 105
115  52.67584868  001.27306632
120 E to D turn cl
111  52.67156448  001.27365937 1
111  52.67179123  001.27356236
112  52.67179123  001.27356236  52.67175320  001.27357692 1
116  52.67169748  001.27343194  52.67170560  001.27332932
120 Linear Feature 54
111  52.67887417  001.29168386 1
112  52.67877684  001.29175475  52.67868959  001.29171877
111  52.67877684  001.29175475
112  52.67877684  001.29175475  52.67886883  001.29187364 1
115  52.67887673  001.29199866
120 Twy B cl
111  52.67617700  001.28901839 1
111  52.67877684  001.29175475 1
115  52.67968152  001.29270972
120 Twy hold B1 to rway cl
112  52.67545375  001.28810218  52.67574617  001.28834288 1 105
116  52.67595610  001.28757978  52.67595386  001.28722573
120 A thru E cl
112  52.67541411  001.27206033  52.67559557  001.27199479 1 105
112  52.67583484  001.27151053  52.67583490  001.27105449 1 105
112  52.67582092  001.26979154  52.67582092  001.26971568
111  52.67582092  001.26979154
112  52.67582092  001.26979154  52.67582092  001.26963982 1 105
112  52.67554845  001.26940907  52.67538881  001.26947601
111  52.67554845  001.26940907 1 105
111  52.67445556  001.26985578 1
111  52.67197278  001.27089086
112  52.67197278  001.27089086  52.67192884  001.27091397 1
112  52.67190317  001.27104333  52.67189246  001.27114551
111  52.67190317  001.27104333 1
111  52.67169748  001.27343194
112  52.67169748  001.27343194  52.67168936  001.27353457 1
112  52.67156448  001.27365937  52.67145355  001.27371737
111  52.67156448  001.27365937
112  52.67156448  001.27365937  52.67112815  001.27384220 1
112  52.67100365  001.27386406  52.67094937  001.27384768
111  52.67100365  001.27386406
112  52.67100365  001.27386406  52.67092674  001.27384768 1
112  52.67076151  001.27414703  52.67073174  001.27441029
111  52.67076151  001.27414703 1
111  52.67052901  001.27608429
112  52.67052901  001.27608429  52.67049759  001.27634639 1
112  52.67054966  001.27668339  52.67059771  001.27685101 51
112  52.67062427  001.27736510  52.67061244  001.27766779 51
112  52.67050028  001.27828809  52.67046886  001.27840694 51
112  52.67032827  001.27902791  52.67029686  001.27927172 51
112  52.67028936  001.28035937  52.67035035  001.28085308 51
112  52.67050594  001.28147106  52.67054290  001.28156553 1
112  52.67057858  001.28165189  52.67062484  001.28172712
111  52.67057858  001.28165189
112  52.67057858  001.28165189  52.67075445  001.28196869 1
112  52.67220373  001.28399234  52.67317610  001.28523951 1
111  52.67356125  001.28571288 1
111  52.67402652  001.28631172 1
111  52.67482223  001.28731277 1 105
111  52.67545375  001.28810218 1 105
111  52.67587475  001.28863934
112  52.67587475  001.28863934  52.67596779  001.28877023 1 105
112  52.67597268  001.28928678  52.67597268  001.28944250
111  52.67597268  001.28928678 1 105
115  52.67597728  001.28991204
120 Linear Feature 4
111  52.67204781  001.27966044 102
111  52.67548824  001.28383515
111  52.67564362  001.28347533 102
115  52.67218431  001.27925566
21  52.67631011  001.27321951 2 89.2800 3.00 09  PAPI-4L
21  52.67553822  001.29121791 2 269.3000 3.00 27  PAPI-4L
20  52.67453530  001.27286130 348.3165 0 3 {@R}09-27{@L}D1{@@}D1
20  52.67200699  001.27062475 346.3278 0 3 {@L}E2{@@}E2
20  52.67209010  001.27109161 346.3278 0 3 {@L}E2{@@}E2
20  52.67233549  001.28367056 42.6263 0 3 {@L}A1{@@}A1
20  52.67345856  001.28614873 306.5929 0 3 {@L}S2{@@}S2
20  52.67311580  001.28569113 306.5929 0 3 {@L}S2{@@}S2
20  52.67268163  001.28515098 292.6583 0 3 {@L}S1{@@}S1
20  52.67206466  001.28429322 42.6263 0 3 {@L}A1{@@}A1
20  52.67125420  001.28349260 42.6263 0 3 {@L}P{@@}P
20  52.67186544  001.27989418 33.9758 0 3 {@L}C1{@@}C1
20  52.67223186  001.27906301 33.9758 0 3 {@L}C1{@@}C1
20  52.67041316  001.27477871 105.0331 0 3 {@L}T{@@}T
20  52.67086477  001.27493721 105.0331 0 3 {@L}T{@@}T
20  52.67178905  001.27315025 99.5640 0 3 {@L}E1{@@}E1
20  52.67441263  001.27207229 348.3165 0 3 {@R}09-27{@L}D1{@@}D1
20  52.67451077  001.27024572 348.3165 0 3 {@R}09-27{@L}E3{@@}E3
20  52.67439861  001.26947695 348.3165 0 3 {@R}09-27{@L}E3{@@}E3
20  52.67719613  001.26911910 169.3107 0 3 {@R}27-09{@L}N1{@@}N1
20  52.67709624  001.26835027 169.3107 0 3 {@R}27-09{@L}N1{@@}N1
20  52.67763366  001.28548920 213.5492 0 3 {@R}27-09{@L}C3{@@}C3
20  52.67723508  001.28642495 213.5492 0 3 {@R}27-09{@L}C3{@@}C3
20  52.67449186  001.29604566 41.9033 0 3 {@R}09-27{@L}A2{@@}A2
20  52.67475256  001.29551366 41.9033 0 3 {@R}09-27{@L}A2{@@}A2
20  52.67469292  001.28762975 35.2507 0 3 {@R}09-27{@L}B1{@@}B1
20  52.67496455  001.28699681 35.2507 0 3 {@R}09-27{@L}B1{@@}B1
20  52.67407441  001.28257148 35.2507 0 3 {@R}09-27{@L}C2{@@}C2
20  52.67448930  001.28161266 35.2507 0 3 {@R}09-27{@L}C2{@@}C2
14  52.67913410  001.27671262  45.93 0 ATC Tower
1300  52.67164582  001.27086312  23.01 tie_down jets|turboprops Business Aviation Centre
1300  52.67160109  001.27134978  23.01 tie_down jets|turboprops Business Aviation Centre
1300  52.67156452  001.27183826 -33.14 tie_down jets|turboprops Business Aviation Centre
1300  52.67151677  001.27234070 -33.14 tie_down jets|turboprops Business Aviation Centre
1300  52.67198941  001.28705797 295.18 tie_down helos Eastern Apron
1300  52.67307212  001.28698388 322.05 tie_down helos Eastern Apron
1300  52.67235322  001.28742267  -1.94 tie_down helos Eastern Apron
1300  52.67258481  001.28567032  99.36 tie_down helos Eastern Apron
1300  52.67230006  001.28547017  99.36 tie_down helos Eastern Apron
1300  52.67167452  001.28645168 351.58 tie_down helos Eastern Apron
1300  52.67180256  001.28599926  15.65 tie_down helos Eastern Apron
1300  52.67200139  001.28559631  47.10 tie_down helos Eastern Apron
1300  52.67333832  001.27157194 245.95 tie_down props GA Parking 1
1300  52.67320621  001.27104141 256.53 tie_down props GA Parking 2
1300  52.67283061  001.27150785 344.91 tie_down props GA Parking 2
1300  52.67278651  001.27085082 344.91 tie_down props GA Parking 2
1300  52.67280324  001.27105646   5.38 tie_down props GA Parking 2
1300  52.67280731  001.27126328   2.05 tie_down props GA Parking 3
1300  52.67273349  001.27001814 -10.68 misc turboprops|props Stand 10
1300  52.67322634  001.26978452  71.70 tie_down jets|turboprops|props Stand 12
1300  52.67358285  001.26968015  76.31 tie_down jets|turboprops|props Stand 13
1300  52.67381648  001.26971012 111.93 tie_down jets|turboprops|props Stand 14
1300  52.67019903  001.27727968 -111.90 gate jets|turboprops Stand 1
1300  52.66997141  001.27791730 -142.90 gate jets|turboprops Stand 2
1300  52.66978542  001.27835872 -143.03 gate jets|turboprops Stand 3
1300  52.66964592  001.27898251 -169.89 gate jets|turboprops Stand 4
1300  52.66949561  001.27960844 190.00 gate jets|turboprops Stand 5
1300  52.66960922  001.28031701 -169.30 misc jets|turboprops Stand 6
1300  52.67139457  001.27900580 -55.97 misc jets|turboprops|fighters Stand 7
19  52.67472608  001.27313914 1 WS
19  52.67523225  001.29227566 1 WS
19  52.67832170  001.28090831 0 WS
50 12862 Norwich Information
54 12425 Norwich Tower
55 11935 Norwich Approach
1200 
1201  52.67431112  001.29509025 both 0 A_stop
1201  52.67422985  001.28741595 both 1 A_stop
1201  52.67411318  001.28642579 both 2 A_stop
1201  52.67052390  001.28166436 both 3 A_stop
1201  52.67034346  001.28074332 both 4 C_stop
1201  52.67026976  001.28008554 both 5 C_stop
1201  52.67030369  001.27919628 both 6 C_stop
1201  52.67049887  001.27828983 both 7 C_stop
1201  52.67079209  001.27767059 both 8 C_stop
1201  52.67194426  001.27906238 both 9 C_stop
1201  52.67216223  001.27951053 both 10 C_stop
1201  52.67300173  001.27189070 both 11 _stop
1201  52.67307043  001.27147287 both 12 _stop
1201  52.67062771  001.27703125 both 13 D_stop
1201  52.67062427  001.27736510 both 14 D_stop(split)
1201  52.67049268  001.27638829 both 15 D_stop
1201  52.67077582  001.27402768 both 16 D_stop
1201  52.67087931  001.27386882 both 17 D_stop
1201  52.67106455  001.27386348 both 18 D_stop
1201  52.67168230  001.27360703 both 19 E_stop
1201  52.67190577  001.27100255 both 20 E_stop
1201  52.67195473  001.27090021 both 21 E_stop
1201  52.67445536  001.26985796 both 22 E_stop
1201  52.67291523  001.27049649 both 23 E_stop(split)
1201  52.67446943  001.27245207 both 24 D_stop
1201  52.67316157  001.27299730 both 25 D_stop(split)
1201  52.67427321  001.28208254 both 26 C_stop
1201  52.67566096  001.28377088 both 27 C_stop
1201  52.67482223  001.28731277 both 28 B_stop
1201  52.67545375  001.28810218 both 29 B_stop
1201  52.67499390  001.29618155 both 30 A_stop
1201  52.67459239  001.29579619 both 31 A_start
1201  52.67603437  001.29615971 both 32 _stop
1201  52.67583482  001.26929064 both 33 _start
1201  52.67585582  001.27188154 both 34 _start(split)
1201  52.67594271  001.28375927 both 35 _start(split)
1201  52.67597474  001.28806308 both 36 _start(split)
1202 2 28 twoway taxiway B
1202 0 31 twoway taxiway A
1202 1 0 twoway taxiway A
1202 2 1 twoway taxiway A
1202 3 2 twoway taxiway A
1202 4 3 twoway taxiway A
1202 14 8 twoway taxiway D
1202 5 4 twoway taxiway C
1202 6 5 twoway taxiway C
1202 7 6 twoway taxiway C
1202 8 7 twoway taxiway C
1202 9 8 twoway taxiway C
1202 10 9 twoway taxiway C
1202 26 10 twoway taxiway C
1202 11 25 twoway taxiway 
1202 12 11 twoway taxiway 
1202 23 12 twoway taxiway 
1202 13 14 twoway taxiway D
1202 15 13 twoway taxiway D
1202 16 15 twoway taxiway D
1202 17 16 twoway taxiway D
1202 18 17 twoway taxiway D
1202 19 18 twoway taxiway D
1202 24 25 twoway taxiway D
1202 25 19 twoway taxiway D
1202 20 19 twoway taxiway E
1202 21 20 twoway taxiway E
1202 22 23 twoway taxiway E
1202 23 21 twoway taxiway E
1202 33 22 twoway taxiway E
1204 departure 09
1204 arrival 27
1202 34 24 twoway taxiway D
1204 departure 09
1204 arrival 27
1202 27 26 twoway taxiway C
1204 departure 09,27
1204 arrival 09,27
1202 35 27 twoway taxiway C
1204 departure 09,27
1204 arrival 09,27
1202 29 28 twoway taxiway B
1204 arrival 09,27
1202 36 29 twoway taxiway B
1204 arrival 09,27
1202 30 32 twoway taxiway A
1204 departure 27
1204 arrival 09
1202 31 30 twoway taxiway A
1204 departure 27
1204 arrival 09
1202 33 34 twoway runway 09/27
1202 34 35 twoway runway 09/27
1204 departure 09,27
1204 arrival 09,27
1204 ils 09,27
1202 35 36 twoway runway 09/27
1204 departure 09,27
1204 arrival 09,27
1204 ils 09,27
1202 36 32 twoway runway 09/27
1204 departure 09,27
1204 arrival 09,27
1204 ils 09,27
99
