I
1000 Generated by WorldEditor

1    109 0 0 EGTH Old Warden
1302 city Old Warden
1302 country United Kingdom
1302 datum_lat 52.086666667
1302 datum_lon -0.318611111
1302 faa_code 
1302 iata_code 
1302 icao_code EGTH
1302 region_code EG
1302 state England
1302 transition_alt 6000
1302 transition_level 
100 17.98 3 0 0.00 0 0 0 03  52.08223841 -000.32194832  301    0 0 0 0 0 21  52.08889000 -000.31689107    0    0 0 0 0 0
110 1 0.00 350.0000 New Taxiway 20
111  52.08867549 -000.31951333 20
111  52.08870032 -000.31932568 20
111  52.08881562 -000.31936177 20
113  52.08879079 -000.31954798 20
110 1 0.00 0.0000 Tar Road Cross
111  52.08423541 -000.31824936
112  52.08423541 -000.31824936  52.08423676 -000.31854227
112  52.08426273 -000.31900679  52.08426408 -000.31903763
112  52.08430163 -000.31910518  52.08430298 -000.31912940
112  52.08432619 -000.31952991  52.08433025 -000.31956735
112  52.08431526 -000.31959709  52.08432068 -000.31963012
111  52.08435539 -000.32006810
111  52.08444229 -000.32092917
111  52.08448891 -000.32134269
112  52.08453469 -000.32157890  52.08456704 -000.32169021
112  52.08463083 -000.32170774  52.08466595 -000.32169872
111  52.08463083 -000.32170774
111  52.08464474 -000.32181753
112  52.08464474 -000.32181753  52.08455985 -000.32185606
112  52.08455995 -000.32207896  52.08456919 -000.32220381
111  52.08455995 -000.32207896
111  52.08452591 -000.32202808
112  52.08452591 -000.32202808  52.08452129 -000.32196190
112  52.08449848 -000.32192866  52.08448924 -000.32193167
111  52.08447213 -000.32193428
111  52.08443877 -000.32160169
112  52.08446167 -000.32142486  52.08444636 -000.32131518
111  52.08446167 -000.32142486
111  52.08445330 -000.32135845
111  52.08441038 -000.32095507
112  52.08428396 -000.31960155  52.08428261 -000.31956191
112  52.08425231 -000.31952859  52.08424825 -000.31949115
112  52.08422323 -000.31909976  52.08422188 -000.31907774
112  52.08424319 -000.31903426  52.08424454 -000.31900563
111  52.08424319 -000.31903426
112  52.08424319 -000.31903426  52.08424386 -000.31901994
112  52.08419629 -000.31815776  52.08419337 -000.31776042
113  52.08419629 -000.31815776
110 1 0.00 0.0000 Tar
111  52.08749633 -000.32424877
111  52.08727337 -000.32383656
112  52.08727337 -000.32383656  52.08723880 -000.32377534
112  52.08720695 -000.32362086  52.08720458 -000.32351400
111  52.08720695 -000.32362086
111  52.08720770 -000.32215787
112  52.08720770 -000.32215787  52.08720668 -000.32212808
112  52.08717152 -000.32208985  52.08714591 -000.32210423
111  52.08717152 -000.32208985
112  52.08641755 -000.32244366  52.08635810 -000.32247590
111  52.08626954 -000.32262908
111  52.08622471 -000.32264325
112  52.08623264 -000.32123337  52.08623141 -000.32115729
112  52.08617932 -000.32105573  52.08614979 -000.32104171
112  52.08597153 -000.32095899  52.08590509 -000.32093497
112  52.08575114 -000.32099227  52.08571546 -000.32102030
111  52.08488096 -000.32163980
111  52.08464474 -000.32181753
111  52.08463083 -000.32170774
111  52.08486211 -000.32156443
111  52.08575514 -000.32090957
112  52.08575514 -000.32090957  52.08581561 -000.32086364
111  52.08590364 -000.32087587
112  52.08627073 -000.32099681  52.08628524 -000.32103355
112  52.08627554 -000.32223181  52.08627554 -000.32234144
112  52.08642791 -000.32235961  52.08650716 -000.32231769
111  52.08768217 -000.32174116
111  52.08768137 -000.32182309
112  52.08765438 -000.32183935  52.08764573 -000.32185416
111  52.08765438 -000.32183935
111  52.08756113 -000.32201796
111  52.08752573 -000.32211298
111  52.08750227 -000.32209412
111  52.08752887 -000.32199675
112  52.08752887 -000.32199675  52.08754480 -000.32194119
111  52.08752544 -000.32191419
111  52.08732256 -000.32200434
112  52.08732256 -000.32200434  52.08727477 -000.32203247
112  52.08725732 -000.32216568  52.08725528 -000.32220540
111  52.08725732 -000.32216568
111  52.08725182 -000.32359760
112  52.08725182 -000.32359760  52.08725182 -000.32371509
112  52.08731744 -000.32380544  52.08734490 -000.32385177
111  52.08731744 -000.32380544
113  52.08752795 -000.32419200
110 4 0.00 0.0000 Dirt
111  52.08727036 -000.32079512
111  52.08729368 -000.32086910
111  52.08728777 -000.32087333
111  52.08725149 -000.32080977
111  52.08694806 -000.32016156
113  52.08696843 -000.32014806
110 1 0.00 0.0000 Apron
111  52.09019243 -000.32205130
111  52.09017630 -000.32229502
111  52.09019973 -000.32229837
111  52.09019369 -000.32243080
112  52.09014710 -000.32252901  52.09011056 -000.32256731
111  52.09014710 -000.32252901
111  52.09015759 -000.32255062
111  52.09022415 -000.32246550
111  52.09020910 -000.32278493
111  52.09017904 -000.32278332
111  52.09017604 -000.32298505
111  52.08981494 -000.32294275
111  52.08988912 -000.32241005
111  52.08985079 -000.32230696
112  52.08976409 -000.32222314  52.08970944 -000.32221338
111  52.08976409 -000.32222314
111  52.08968508 -000.32221149
111  52.08966595 -000.32238382
111  52.08924823 -000.32225049
111  52.08925789 -000.32217752
111  52.08876845 -000.32196447
111  52.08796307 -000.32152515
112  52.08779273 -000.32172581  52.08768864 -000.32192145
111  52.08779273 -000.32172581
112  52.08779273 -000.32172581  52.08776854 -000.32177114
111  52.08779118 -000.32181715
111  52.08768137 -000.32182309
111  52.08768217 -000.32174116
111  52.08744131 -000.32121784
111  52.08725149 -000.32080977
111  52.08728777 -000.32087333
111  52.08729368 -000.32086910
111  52.08727036 -000.32079512
111  52.08747074 -000.32120743
111  52.08762324 -000.32127028
111  52.08805769 -000.32113829
111  52.08873632 -000.32144587
112  52.08887619 -000.32151025  52.08892875 -000.32158114
111  52.08887619 -000.32151025
112  52.08887619 -000.32151025  52.08895429 -000.32150781
112  52.08898515 -000.32163270  52.08898214 -000.32174759
111  52.08898515 -000.32163270
111  52.08905417 -000.32162655
111  52.08911623 -000.32147794
111  52.08920622 -000.32154498
111  52.08915998 -000.32181465
112  52.08915998 -000.32181465  52.08914688 -000.32189994
111  52.08925264 -000.32198801
111  52.08931192 -000.32177315
111  52.08934781 -000.32153056
111  52.08937235 -000.32154100
111  52.08933320 -000.32178829
111  52.08933041 -000.32201956
111  52.08951852 -000.32206381
112  52.08960574 -000.32195949  52.08961065 -000.32187421
111  52.08960574 -000.32195949
111  52.08961137 -000.32184807
111  52.08962665 -000.32181339
112  52.08962665 -000.32181339  52.08964116 -000.32179710
111  52.08964793 -000.32183086
111  52.08964867 -000.32196437
112  52.08964867 -000.32196437  52.08964867 -000.32207363
111  52.08972359 -000.32209998
111  52.08973486 -000.32196646
113  52.08983896 -000.32198860
110 4 0.00 0.0000 New Taxiway 13
111  52.08558207 -000.31532120
111  52.08556256 -000.31480448
111  52.08550136 -000.31480592
111  52.08549781 -000.31477850
111  52.08539049 -000.31479149
111  52.08530611 -000.31486270
111  52.08531205 -000.31497789
111  52.08514271 -000.31500602
111  52.08520802 -000.31472391
111  52.08592564 -000.31460581
113  52.08595104 -000.31524470
110 5 0.00 0.0000 New Taxiway 11
111  52.08637227 -000.31617448
111  52.08637913 -000.31626773
111  52.08613725 -000.31625402
111  52.08610739 -000.31599109
111  52.08607152 -000.31599554
111  52.08604469 -000.31560957
111  52.08606449 -000.31560416
111  52.08610152 -000.31555469
111  52.08618046 -000.31552583
111  52.08616626 -000.31544933
111  52.08605185 -000.31546376
111  52.08605274 -000.31535984
111  52.08623988 -000.31533530
111  52.08624343 -000.31550851
113  52.08631084 -000.31556913
110 3 0.00 0.0000 Grass East
111  52.08949376 -000.31611659
112  52.08945760 -000.31605622  52.08940951 -000.31602709
112  52.08852148 -000.31543632  52.08845661 -000.31539809
112  52.08837335 -000.31536450  52.08835993 -000.31535904
112  52.08834267 -000.31538188  52.08833931 -000.31540190
111  52.08825459 -000.31579363
111  52.08858951 -000.31685619
111  52.08843948 -000.31696254
111  52.08817520 -000.31610799
111  52.08786940 -000.31742255
111  52.08774428 -000.31751440
111  52.08810968 -000.31593181
111  52.08797807 -000.31550345
111  52.08788326 -000.31556379
111  52.08765344 -000.31571268
112  52.08770670 -000.31688925  52.08771752 -000.31721962
112  52.08760786 -000.31744073  52.08760690 -000.31757951
111  52.08760786 -000.31744073
111  52.08762451 -000.31760873
111  52.08752949 -000.31767801
111  52.08749728 -000.31745931
112  52.08749728 -000.31745931  52.08747606 -000.31723411
112  52.08742249 -000.31705799  52.08741978 -000.31684655
111  52.08742249 -000.31705799
112  52.08742249 -000.31705799  52.08742181 -000.31700513
111  52.08741299 -000.31674501
112  52.08668633 -000.31632602  52.08654367 -000.31625508
111  52.08637227 -000.31617448
111  52.08631084 -000.31556913
111  52.08627966 -000.31533692
111  52.08626971 -000.31520343
111  52.08632950 -000.31518953
111  52.08629083 -000.31467273
111  52.08623100 -000.31468151
111  52.08622455 -000.31458474
111  52.08601983 -000.31462124
111  52.08600225 -000.31434715
112  52.08644548 -000.31430783  52.08648015 -000.31430601
112  52.08652856 -000.31444143  52.08653527 -000.31453972
112  52.08661451 -000.31584013  52.08662344 -000.31598306
112  52.08672095 -000.31608835  52.08678943 -000.31611984
111  52.08739617 -000.31640408
112  52.08737033 -000.31561180  52.08737033 -000.31550539
112  52.08750888 -000.31536780  52.08760795 -000.31535490
112  52.08764856 -000.31559511  52.08765344 -000.31574170
111  52.08764856 -000.31559511
112  52.08764856 -000.31559511  52.08772477 -000.31554822
111  52.08786561 -000.31546969
111  52.08795302 -000.31540223
112  52.08709829 -000.31274699  52.08697743 -000.31237615
111  52.08709829 -000.31274699
112  52.08709829 -000.31274699  52.08697743 -000.31237615
112  52.08732641 -000.31253257  52.08744530 -000.31281312
112  52.08747711 -000.31290781  52.08754052 -000.31309162
111  52.08747145 -000.31327895
111  52.08811289 -000.31532153
112  52.08820342 -000.31528371  52.08824402 -000.31526609
111  52.08828719 -000.31526571
111  52.08850255 -000.31444559
111  52.08860411 -000.31445445
111  52.08838111 -000.31526744
112  52.08853710 -000.31534480  52.08860533 -000.31538484
112  52.08948283 -000.31596955  52.08960362 -000.31604600
113  52.08959405 -000.31605120
111  52.08826260 -000.31536572
112  52.08813777 -000.31541693  52.08809852 -000.31544116
111  52.08813777 -000.31541693
112  52.08813777 -000.31541693  52.08820243 -000.31561450
113  52.08820243 -000.31561450
110 3 0.00 25.0400 Grass West
111  52.08441405 -000.32148520
111  52.08142478 -000.32378307
112  52.08103991 -000.32368029  52.08098956 -000.32367249
111  52.08092708 -000.32374640
111  52.08078834 -000.32336615
111  52.08102195 -000.32317693
111  52.08130560 -000.32335299
111  52.08441038 -000.32095507
111  52.08445330 -000.32135845
113  52.08440435 -000.32137845
110 3 0.00 25.0400 Grass West
111  52.08982458 -000.31656359
111  52.08972527 -000.31686092
111  52.08924209 -000.31896846
111  52.08996582 -000.32144126
112  52.08996582 -000.32144126  52.09007283 -000.32180769
111  52.08984657 -000.32194663
111  52.08983896 -000.32198860
111  52.08973486 -000.32196646
111  52.08972359 -000.32209998
112  52.08964867 -000.32196437  52.08964867 -000.32185510
111  52.08964867 -000.32196437
111  52.08964793 -000.32183086
112  52.08962665 -000.32181339  52.08961213 -000.32182969
111  52.08962665 -000.32181339
111  52.08961137 -000.32184807
111  52.08960574 -000.32195949
112  52.08960574 -000.32195949  52.08960083 -000.32204477
111  52.08951852 -000.32206381
111  52.08933041 -000.32201956
111  52.08933320 -000.32178829
111  52.08937235 -000.32154100
111  52.08934781 -000.32153056
111  52.08931192 -000.32177315
111  52.08925264 -000.32198801
112  52.08915998 -000.32181465  52.08917308 -000.32172937
111  52.08915998 -000.32181465
111  52.08920622 -000.32154498
111  52.08926974 -000.32124381
111  52.08907910 -000.32062605
111  52.08877115 -000.32001785
112  52.08877115 -000.32001785  52.08867842 -000.31983676
111  52.08871814 -000.31958348
111  52.08794312 -000.31930843
111  52.08696843 -000.32014806
111  52.08694806 -000.32016156
111  52.08448891 -000.32134269
111  52.08444229 -000.32092917
111  52.08462024 -000.32082852
111  52.08457931 -000.32067628
111  52.08454215 -000.32053777
111  52.08462804 -000.32045664
111  52.08466589 -000.32059699
111  52.08472256 -000.32075548
111  52.08676209 -000.31971960
111  52.08774359 -000.31887747
111  52.08762140 -000.31819717
111  52.08768827 -000.31814917
111  52.08786808 -000.31885058
112  52.08786808 -000.31885058  52.08814148 -000.31864857
111  52.08894442 -000.31864147
111  52.08857303 -000.31747830
111  52.08874614 -000.31733158
111  52.08917023 -000.31871761
111  52.08962146 -000.31679278
113  52.08963246 -000.31669197
111  52.08879079 -000.31954798
111  52.08881562 -000.31936177
111  52.08870032 -000.31932568
113  52.08867549 -000.31951333
110 3 0.00 25.0400 Rwy Surround
112  52.07969032 -000.32355247  52.07982818 -000.32345495
111  52.08752949 -000.31767801
111  52.08762451 -000.31760873
111  52.08774428 -000.31751440
111  52.08786940 -000.31742255
111  52.08843948 -000.31696254
111  52.08858951 -000.31685619
111  52.08949376 -000.31611659
111  52.08959405 -000.31605120
112  52.08959405 -000.31605120  52.08968857 -000.31597832
112  52.08980585 -000.31617928  52.08983089 -000.31628558
111  52.08982458 -000.31656359
111  52.08963246 -000.31669197
111  52.08874614 -000.31733158
111  52.08857303 -000.31747830
111  52.08768827 -000.31814917
111  52.08762140 -000.31819717
111  52.08462804 -000.32045664
111  52.08454215 -000.32053777
111  52.08102195 -000.32317693
111  52.08078834 -000.32336615
112  52.07986672 -000.32407711  52.07974804 -000.32417074
114  52.07960294 -000.32399064  52.07955427 -000.32381409
111  52.08889402 -000.31700306
111  52.08883998 -000.31681868
111  52.08223787 -000.32185853
113  52.08227829 -000.32201727
130 Airport Boundary 1
111  52.08985676 -000.31611988
111  52.09002026 -000.31773534
111  52.09005316 -000.31814963
111  52.09005705 -000.31857336
111  52.09002960 -000.31902266
111  52.08996773 -000.31956588
111  52.08993851 -000.31988905
111  52.08996306 -000.32008489
111  52.09015355 -000.32064589
111  52.09020690 -000.32097973
111  52.09022544 -000.32132301
111  52.09021481 -000.32202384
111  52.09018373 -000.32318217
111  52.08989464 -000.32312660
111  52.08961759 -000.32302250
111  52.08780134 -000.32210221
111  52.08777211 -000.32222812
111  52.08777356 -000.32423042
111  52.08779240 -000.32439204
111  52.08783995 -000.32480416
111  52.08786685 -000.32531587
111  52.08761947 -000.32593577
111  52.08755729 -000.32588057
111  52.08743214 -000.32542501
111  52.08637361 -000.32517083
111  52.08638575 -000.32464852
111  52.08576324 -000.32452526
111  52.08586156 -000.32489830
111  52.08586156 -000.32517420
111  52.08579684 -000.32538806
111  52.08590971 -000.32560846
111  52.08595034 -000.32600027
111  52.08599799 -000.32663125
111  52.08504790 -000.32760671
111  52.08511854 -000.32773822
111  52.08545515 -000.32746500
111  52.08551031 -000.32778130
111  52.08559547 -000.32798940
111  52.08577199 -000.32793880
111  52.08604160 -000.32741603
111  52.08608052 -000.32714249
111  52.08753918 -000.32627109
111  52.08772844 -000.32653125
111  52.08781262 -000.32637351
111  52.08804773 -000.32639285
111  52.08789672 -000.32676065
111  52.08795281 -000.32683711
111  52.08786139 -000.32704611
111  52.08766114 -000.32720369
111  52.08746621 -000.32782798
111  52.08731340 -000.32846370
111  52.08716837 -000.32950974
111  52.08705844 -000.33057862
111  52.08698071 -000.33123637
111  52.08688191 -000.33188270
111  52.08675955 -000.33227686
111  52.08662314 -000.33260247
111  52.08638061 -000.33291617
111  52.08601833 -000.33334640
111  52.08588934 -000.33315233
111  52.08580309 -000.33308950
111  52.08563950 -000.33308688
111  52.08545695 -000.33316653
111  52.08457612 -000.33594490
111  52.08388074 -000.33645787
111  52.08366931 -000.33652871
111  52.08341001 -000.33586052
111  52.08335404 -000.33556156
111  52.08334613 -000.33503965
111  52.08336196 -000.33434111
111  52.08326754 -000.33414210
111  52.08270279 -000.33409548
111  52.08253205 -000.33396055
111  52.08242842 -000.33376339
111  52.08237226 -000.33348040
111  52.08239921 -000.33200118
111  52.08233627 -000.33185597
111  52.08221588 -000.33178345
111  52.08069060 -000.33138933
111  52.08051893 -000.33125326
111  52.08039832 -000.33103411
111  52.08030423 -000.32814860
111  52.08020187 -000.32754721
111  52.08003315 -000.32695740
111  52.07998675 -000.32614113
111  52.07992694 -000.32565630
111  52.07982490 -000.32518100
111  52.07969914 -000.32477600
111  52.07951528 -000.32429524
111  52.07950871 -000.32243606
111  52.07964423 -000.32151170
111  52.07982839 -000.32095345
111  52.08006169 -000.32044815
111  52.08061976 -000.31942772
111  52.08302764 -000.31563318
111  52.08324660 -000.31534226
111  52.08348790 -000.31518116
111  52.08389309 -000.31505006
111  52.08394194 -000.31494807
111  52.08375140 -000.31361324
111  52.08390023 -000.31335422
111  52.08424100 -000.31290424
111  52.08467423 -000.31292920
111  52.08461246 -000.31370565
111  52.08660973 -000.31426439
111  52.08670785 -000.31609580
111  52.08738212 -000.31644108
111  52.08731273 -000.31363440
111  52.08726991 -000.31343520
111  52.08717988 -000.31333636
111  52.08603979 -000.31322491
111  52.08659204 -000.31262536
111  52.08670233 -000.31238317
111  52.08672617 -000.31226849
111  52.08678482 -000.31217270
111  52.08689634 -000.31208569
111  52.08749996 -000.31203103
111  52.08757251 -000.31208366
111  52.08775369 -000.31248506
111  52.08784778 -000.31261863
111  52.08794895 -000.31267044
111  52.08855299 -000.31276355
111  52.08869933 -000.31285598
111  52.08877022 -000.31312178
111  52.08895686 -000.31499413
111  52.08895534 -000.31532857
113  52.08900906 -000.31550726
120 Hold Line
111  52.08788326 -000.31556379 20
115  52.08786561 -000.31546969
120 Hold Line
111  52.08972527 -000.31686092 20
115  52.08962146 -000.31679278
120 Hold Line
111  52.08945760 -000.31605622 20
115  52.08948283 -000.31596955
120 Hold Line
111  52.08749728 -000.31745931 20
115  52.08760786 -000.31744073
120 Hold Line
111  52.08466589 -000.32059699 20
115  52.08457931 -000.32067628
120 Linear Feature 21
111  52.08877547 -000.31940013 20
111  52.08872949 -000.31944568
111  52.08874962 -000.31945959 20
115  52.08873348 -000.31940881
14  52.08878329 -000.31972461  29.53 0 ATC Tower
1300  52.08854392 -000.32162884  70.97 tie_down props Apron 1
1300  52.08819933 -000.32146481  70.97 tie_down props Apron 2
1300  52.08916294 -000.32028236  29.03 tie_down props Grass Parking 1
1300  52.08901932 -000.31997389  38.29 tie_down props Grass Parking 2
1300  52.08862444 -000.31933931  76.05 tie_down props Grass Parking 3
1300  52.08846755 -000.31931282  73.48 tie_down props Grass Parking 4
19  52.08896902 -000.31491011 0 WS
51 13070 Old Warden Information
1200 
1201  52.08470750 -000.32086671 both 0 _stop
1201  52.08680094 -000.31984095 both 1 _stop
1201  52.08783687 -000.31899813 both 2 _stop
1201  52.08820112 -000.32131820 both 3 _stop
1201  52.08921537 -000.32190342 both 4 _stop
1201  52.08954526 -000.32100436 both 5 _stop
1201  52.08877411 -000.31775359 both 6 _stop
1201  52.08904103 -000.31887725 both 7 _stop(split)
1201  52.08774989 -000.31860206 both 8 _stop
1201  52.08462004 -000.32064157 both 9 _stop
1201  52.08451582 -000.32021663 both 10 _stop
1201  52.08886699 -000.31690874 both 11 _start
1201  52.08858660 -000.31711862 both 12 _start(split)
1201  52.08758962 -000.31787584 both 13 _start(split)
1202 0 9 twoway taxiway 
1202 1 0 twoway taxiway 
1202 2 1 twoway taxiway 
1202 2 8 twoway taxiway 
1202 7 2 twoway taxiway 
1202 4 3 twoway taxiway 
1202 5 4 twoway taxiway 
1202 6 7 twoway taxiway 
1202 7 5 twoway taxiway 
1202 12 6 twoway taxiway 
1204 departure 21
1204 arrival 03
1202 13 8 twoway taxiway 
1204 arrival 03,21
1202 10 9 twoway taxiway 
1204 departure 03
1204 arrival 21
1202 11 12 twoway runway 03/21
1202 12 13 twoway runway 03/21
1204 departure 03,21
1204 arrival 03,21
1204 ils 03,21
1202 13 10 twoway runway 03/21
1204 departure 03,21
1204 arrival 03,21
1204 ils 03,21
99
